-0.428695 -0.297514 -0.0940452
-0.396961 -0.307247 -0.0914876
-0.34405 -0.319123 -0.0831068
-0.291374 -0.327972 -0.0761387
-0.23964 -0.337819 -0.0671987
-0.210317 -0.342328 -0.0536644
-0.151403 -0.347049 -0.0371776
-0.0973861 -0.349229 -0.0213962
-0.0403184 -0.352118 -0.00977475
0.0170661 -0.353668 0.00104151
0.420715 -0.313003 0.128516
0.4025 -0.314018 0.127129
0.351825 -0.321696 0.109225
0.300976 -0.329005 0.0936547
0.24964 -0.33634 0.0781734
0.212544 -0.341632 0.0705654
0.171846 -0.345416 0.0567718
0.120265 -0.346571 0.0377212
0.0690646 -0.349651 0.0185154
0.016546 -0.353943 -0.00130455
-0.158675 0.35372 -0.0425427
-0.153206 0.320757 -0.032401
-0.144352 0.270293 -0.0245648
-0.134038 0.21867 -0.0214403
-0.122759 0.16928 -0.0176834
-0.116045 0.144082 -0.01716
-0.105539 0.108584 -0.0177989
-0.0791802 0.0651215 -0.0147525
-0.0411298 0.0317442 -0.00775855
-0.000812041 -0.00117052 -0.00011623
0.215526 0.399167 -0.00194422
0.181705 0.383512 0.030849
0.150094 0.358942 0.0615187
0.131751 0.311894 0.0703795
0.110848 0.224887 0.0642955
0.104516 0.203619 0.0601927
0.0979956 0.177454 0.0542635
0.0882814 0.128403 0.0431827
0.0675699 0.0831186 0.0308838
0.00145868 0.00123404 0.00107545
0.00908567 -0.536653 -0.0224309
0.0054363 -0.48796 -0.0170263
0.0170079 -0.407482 -0.00593305
0.0159179 -0.357088 -0.00228391
0.00390152 -0.308195 -0.00542696
-0.00214214 -0.257388 -0.00744818
-0.00262015 -0.205264 -0.00726958
-0.00256154 -0.150634 -0.00716951
-0.00243433 -0.0994592 -0.0061016
-0 -0 -0
-0.381793 -0.316993 -0.169791
-0.361098 -0.322639 -0.164041
-0.314929 -0.331748 -0.145669
-0.269163 -0.3379 -0.126261
-0.225198 -0.344829 -0.104666
-0.19485 -0.349169 -0.0826372
-0.146814 -0.351452 -0.0592342
-0.0989596 -0.353232 -0.0377762
-0.0487923 -0.358514 -0.0205223
0.00270272 -0.360692 -0.00617393
0.417839 -0.327601 0.0408624
0.395588 -0.328589 0.0416627
0.345487 -0.334472 0.0373844
0.295667 -0.340346 0.0353847
0.245689 -0.345961 0.0335533
0.206896 -0.350038 0.0356098
0.16398 -0.352169 0.0323599
0.1125 -0.352012 0.0216305
0.0615954 -0.354382 0.00916372
0.00980217 -0.358461 -0.0043115
-0.159588 0.358137 -0.0551022
-0.154161 0.331717 -0.0447676
-0.146355 0.286623 -0.0309498
-0.138154 0.237676 -0.0234436
-0.12692 0.188279 -0.0175591
-0.119187 0.159937 -0.0162713
-0.107716 0.122432 -0.0169886
-0.083625 0.0776928 -0.0150331
-0.0501709 0.040998 -0.00986601
-0.00365439 0.000690003 -0.000780483
0.202099 0.393064 0.0149695
0.173385 0.37513 0.0423502
0.147831 0.34788 0.0639251
0.130741 0.300177 0.0707693
0.113209 0.228559 0.0661758
0.107131 0.204324 0.0622377
0.100878 0.178297 0.0558735
0.0896456 0.131616 0.0452009
0.0700183 0.0920332 0.0340541
0.0130606 0.0183901 0.00799156
0.0110873 -0.500078 -0.0164317
0.00520155 -0.462734 -0.0131234
0.0133433 -0.384098 -0.00723064
0.0092306 -0.335249 -0.00545417
0.00403982 -0.284471 -0.00625295
0.000545094 -0.238729 -0.00742176
0.00014759 -0.191004 -0.00692378
0.000114583 -0.137184 -0.00628588
0.000161843 -0.0858586 -0.00480942
-0 -0 -0
-0.329829 -0.33189 -0.236447
-0.315982 -0.334774 -0.227397
-0.277396 -0.341406 -0.20082
-0.239244 -0.345672 -0.170335
-0.203547 -0.350247 -0.137687
-0.175529 -0.354136 -0.110122
-0.137483 -0.354718 -0.0808354
-0.0959636 -0.356813 -0.0547086
-0.0528142 -0.365089 -0.0316201
-0.00745232 -0.368808 -0.0133415
0.407144 -0.33801 -0.0415274
0.38532 -0.338722 -0.0381996
0.337004 -0.342927 -0.0298475
0.289385 -0.347644 -0.019529
0.241953 -0.352257 -0.00861955
0.202864 -0.355924 0.00164598
0.159533 -0.357616 0.00844118
0.108914 -0.357373 0.00612947
0.05837 -0.359737 0.000386287
0.0073942 -0.364004 -0.00669571
-0.160788 0.366731 -0.0717
-0.154809 0.343744 -0.058231
-0.148002 0.304387 -0.0375633
-0.141378 0.258393 -0.025471
-0.13003 0.208901 -0.0180069
-0.121249 0.176775 -0.0161128
-0.109155 0.137136 -0.0166565
-0.0881816 0.0905752 -0.015647
-0.0593951 0.0505398 -0.0121368
-0.00629776 0.00283733 -0.00141626
0.189604 0.388589 0.0321085
0.165028 0.368168 0.053479
0.14528 0.338743 0.0664644
0.129341 0.290485 0.0716058
0.115179 0.231132 0.0678129
0.109239 0.204149 0.0636198
0.103106 0.177816 0.0563594
0.0905458 0.133307 0.0464409
0.0719762 0.0992702 0.0365456
0.0243051 0.0352439 0.0146442
0.0130578 -0.461958 -0.0115831
0.00532135 -0.435261 -0.0104871
0.0118443 -0.361031 -0.00856203
0.007033 -0.313665 -0.00776171
0.00514014 -0.261974 -0.00707749
0.00335769 -0.221302 -0.00733208
0.00298855 -0.177531 -0.00650139
0.00279107 -0.124624 -0.00529455
0.00273107 -0.07313 -0.00342374
0 0 0
-0.268796 -0.349399 -0.290486
-0.258485 -0.350788 -0.279328
-0.229185 -0.355246 -0.247606
-0.199851 -0.358341 -0.208428
-0.173078 -0.361529 -0.167536
-0.150912 -0.364828 -0.139245
-0.123209 -0.364274 -0.1052
-0.0889568 -0.365922 -0.0762461
-0.0533957 -0.374869 -0.0469001
-0.0149174 -0.379111 -0.0231475
0.380525 -0.351773 -0.119533
0.360969 -0.352196 -0.114429
0.316593 -0.354624 -0.0944021
0.273239 -0.358001 -0.0726567
0.230477 -0.361831 -0.0500822
0.19538 -0.36539 -0.0349586
0.154845 -0.367498 -0.0189686
0.106131 -0.367975 -0.0126169
0.0562553 -0.369559 -0.0111042
0.00619158 -0.372147 -0.011025
-0.162926 0.371219 -0.0919809
-0.156533 0.351922 -0.0720264
-0.150234 0.317934 -0.0442621
-0.14441 0.275047 -0.0284003
-0.133572 0.225179 -0.0196684
-0.124099 0.188497 -0.0171747
-0.112023 0.1472 -0.0174528
-0.0931955 0.0994335 -0.0172086
-0.0671009 0.0576185 -0.014393
-0.00764776 0.00538921 -0.00180383
0.179973 0.37978 0.0433399
0.157744 0.357697 0.0608688
0.141991 0.326558 0.0680268
0.126717 0.277976 0.0715691
0.115784 0.230496 0.0674092
0.109476 0.200427 0.0623631
0.103463 0.173454 0.054589
0.0886771 0.130826 0.045036
0.0695329 0.101089 0.0357925
0.0316346 0.0469868 0.0188116
0.012457 -0.434999 -0.00906556
0.0041122 -0.414234 -0.0100904
0.0104443 -0.344974 -0.0106729
0.00648859 -0.298827 -0.0112544
0.00592317 -0.248549 -0.00952511
0.00488565 -0.211585 -0.00865372
0.00439821 -0.169966 -0.00761043
0.0038072 -0.11793 -0.00562688
0.00343488 -0.0663128 -0.00325495
0 0 0
-0.194861 -0.358677 -0.330566
-0.189045 -0.359072 -0.32201
-0.171079 -0.361662 -0.288519
-0.15235 -0.363903 -0.242883
-0.136048 -0.366154 -0.196162
-0.121233 -0.368831 -0.171773
-0.104735 -0.368301 -0.133663
-0.0791117 -0.368177 -0.103836
-0.0514366 -0.373178 -0.0674383
-0.0207057 -0.373734 -0.0357598
0.336025 -0.358097 -0.191669
0.323303 -0.358282 -0.187445
0.285302 -0.358966 -0.156707
0.248635 -0.360998 -0.124473
0.213041 -0.3639 -0.0912102
0.18655 -0.367123 -0.0758168
0.151673 -0.369813 -0.0503852
0.10618 -0.369063 -0.0340552
0.0573458 -0.366698 -0.0244123
0.00852446 -0.363958 -0.016355
-0.16508 0.380902 -0.10709
-0.157906 0.362399 -0.0766795
-0.151505 0.329904 -0.0454474
-0.145565 0.288901 -0.0295346
-0.134892 0.238489 -0.0201536
-0.125206 0.198586 -0.0178041
-0.113544 0.157215 -0.0182907
-0.0962956 0.108772 -0.0188994
-0.0721393 0.0661958 -0.016205
-0.00506688 0.00776815 -0.00137647
0.176065 0.378017 0.0477918
0.151976 0.351843 0.0654809
0.136733 0.315143 0.0699387
0.122401 0.266126 0.0710558
0.112851 0.222573 0.0652366
0.106265 0.189516 0.0584891
0.0996551 0.158685 0.0496181
0.0815096 0.116405 0.0391275
0.0583847 0.0856987 0.0288428
0.025536 0.0401747 0.014684
0.00918786 -0.413361 -0.00617475
0.00422899 -0.396345 -0.00928995
0.00948254 -0.336055 -0.0108252
0.00748086 -0.2895 -0.0147117
0.00721702 -0.244533 -0.0124314
0.0060647 -0.209397 -0.0100888
0.00552556 -0.167074 -0.00926743
0.00442592 -0.116067 -0.00638241
0.00358217 -0.0643676 -0.00352125
0 0 0
-0.109464 -0.363212 -0.358606
-0.107687 -0.362993 -0.354019
-0.102672 -0.363806 -0.320418
-0.0961701 -0.36532 -0.270145
-0.0920496 -0.366765 -0.219398
-0.0855072 -0.368295 -0.204593
-0.0809674 -0.367988 -0.163023
-0.0651354 -0.364794 -0.132655
-0.0459616 -0.363972 -0.0890332
-0.0237917 -0.359798 -0.0484584
0.276742 -0.360073 -0.258793
0.27138 -0.360082 -0.25633
0.241985 -0.359057 -0.215464
0.21418 -0.359833 -0.173435
0.187937 -0.361619 -0.130301
0.174006 -0.363663 -0.119613
0.147883 -0.367095 -0.0847849
0.107247 -0.364335 -0.0571535
0.0602235 -0.356648 -0.0385709
0.0135897 -0.347204 -0.0218233
-0.165975 0.393827 -0.117771
-0.158717 0.374798 -0.0772048
-0.151996 0.34202 -0.0445812
-0.145481 0.302307 -0.030004
-0.134801 0.25138 -0.0201199
-0.124862 0.208504 -0.0180921
-0.113577 0.167552 -0.0189826
-0.0974909 0.118702 -0.0204949
-0.074641 0.0759668 -0.0177344
-0.000754739 0.0123058 -0.000686747
0.174831 0.380592 0.0487662
0.147703 0.350052 0.0681548
0.131673 0.307267 0.0716508
0.118488 0.25777 0.0702354
0.109444 0.21428 0.0623589
0.102756 0.17961 0.0540984
0.0955928 0.145428 0.0444864
0.0740118 0.10295 0.0326849
0.0464174 0.0692649 0.0208376
0.0159603 0.030006 0.0080853
0.00539791 -0.413728 0.00044675
0.00570276 -0.39467 -0.00575378
0.00937026 -0.344637 -0.00810231
0.0101448 -0.293374 -0.0185581
0.00990637 -0.258958 -0.0162835
0.00782624 -0.219677 -0.0117601
0.00736367 -0.170327 -0.0116529
0.00570357 -0.120971 -0.00767683
0.0042922 -0.06927 -0.00423199
0 0 0
-0.0173984 -0.364597 -0.380161
-0.0192161 -0.363929 -0.379664
-0.027344 -0.363109 -0.342665
-0.0341059 -0.363846 -0.288741
-0.0432853 -0.364638 -0.235024
-0.0446751 -0.364945 -0.230831
-0.0525186 -0.364887 -0.186954
-0.0451195 -0.357582 -0.152491
-0.0327253 -0.349489 -0.102547
-0.0176776 -0.339475 -0.0540004
0.210722 -0.358982 -0.322758
0.212327 -0.358848 -0.322194
0.192728 -0.356169 -0.271628
0.174955 -0.355745 -0.220239
0.15926 -0.356475 -0.167815
0.158158 -0.357171 -0.163008
0.142439 -0.361162 -0.119811
0.107403 -0.356034 -0.0807926
0.0629657 -0.342916 -0.052853
0.0188941 -0.327097 -0.0267999
-0.166033 0.409598 -0.126809
-0.159033 0.390138 -0.0768157
-0.15163 0.356013 -0.0428985
-0.144022 0.315712 -0.0293622
-0.13334 0.264648 -0.0194797
-0.123212 0.21984 -0.017772
-0.112517 0.180583 -0.0191009
-0.097327 0.131441 -0.0217435
-0.0751757 0.0881005 -0.0190992
0.00433057 0.0194305 5.00147e-005
0.174996 0.386775 0.0491035
0.144849 0.35191 0.0704305
0.127814 0.303281 0.0736111
0.1159 0.253293 0.0697206
0.107043 0.208667 0.0597877
0.100302 0.173331 0.0502892
0.092415 0.135782 0.0399801
0.0676236 0.0929424 0.0268086
0.0356986 0.0559081 0.0132402
0.00660129 0.021835 0.00124169
0.00138224 -0.438126 0.0114299
0.00792705 -0.411794 0.000886909
0.0104475 -0.372781 -0.00298088
0.0145043 -0.30838 -0.022919
0.0143332 -0.289213 -0.0210967
0.0108413 -0.244328 -0.0138924
0.0104628 -0.178744 -0.0147325
0.00813661 -0.131571 -0.00944393
0.00600157 -0.0798334 -0.00527205
0 0 0
