0.0791301 -0.402517 -0.236965
0.061706 -0.374862 -0.228514
0.0404451 -0.342839 -0.217274
0.0165914 -0.310707 -0.202536
-0.00561117 -0.285727 -0.184067
-0.0221516 -0.273547 -0.160934
-0.0333585 -0.273514 -0.127842
-0.0351491 -0.283764 -0.0873491
-0.0249908 -0.299786 -0.0436789
-0.00745773 -0.319649 -3.05851e-005
0.0534947 -0.0993712 0.287349
0.0563486 -0.122205 0.273456
0.0592718 -0.148182 0.256905
0.0607996 -0.173085 0.237987
0.0599952 -0.196882 0.214658
0.0557857 -0.21494 0.187977
0.0479798 -0.22769 0.157862
0.034681 -0.242842 0.116921
0.0164604 -0.268695 0.0642218
-0.00466261 -0.309253 0.00335036
-0.013075 0.427384 -0.0390831
-0.0157891 0.393663 -0.0160388
-0.0194185 0.356181 0.00153142
-0.0238338 0.313877 0.00918046
-0.0279433 0.270189 0.00968841
-0.0299166 0.227318 0.00701047
-0.0281054 0.18267 0.00335459
-0.0217471 0.131278 -0.000345195
-0.0113828 0.0703508 -0.00231013
0.00172714 -0.000484226 -0.00155971
0.198095 0.271694 -0.00275076
0.192382 0.224342 -0.0165416
0.188263 0.177868 -0.0327799
0.184684 0.133147 -0.0498221
0.178281 0.0926898 -0.0632086
0.164514 0.0606244 -0.0689501
0.139271 0.0369892 -0.0647573
0.101738 0.020158 -0.0503876
0.0550967 0.00769848 -0.0282623
0.00357312 -0.00299081 -0.0020022
-0.00177891 -0.482926 -0.0446857
-0.00385324 -0.40141 -0.0226754
-0.00563479 -0.332347 -0.00335492
-0.00608371 -0.29555 0.0074131
-0.0050302 -0.269587 0.0148118
-0.00264938 -0.238008 0.0210239
0.000136887 -0.199484 0.0237177
0.00287299 -0.145546 0.0215281
0.00400362 -0.0798212 0.0129955
0.00277735 -0.00392217 -0.000476046
0.0539372 -0.376626 -0.238658
0.0367531 -0.353106 -0.22907
0.0163812 -0.325453 -0.217194
-0.00599071 -0.297765 -0.201753
-0.0270899 -0.275812 -0.181738
-0.0424737 -0.264629 -0.157215
-0.0513837 -0.264097 -0.124471
-0.0513469 -0.274057 -0.0842743
-0.0428212 -0.29353 -0.0410193
-0.0292615 -0.321233 0.00151372
0.0436937 -0.0885751 0.266493
0.0458908 -0.111023 0.255941
0.0480212 -0.137626 0.242127
0.048591 -0.165181 0.224877
0.0465196 -0.190196 0.204759
0.0411565 -0.20901 0.182922
0.0313203 -0.224929 0.154712
0.0156997 -0.244687 0.114623
-0.00448904 -0.275056 0.0633285
-0.0272384 -0.31857 0.0041413
-0.0423382 0.393424 -0.0156791
-0.0462685 0.355418 -0.00623892
-0.0497049 0.315061 -0.000886865
-0.0516852 0.272737 -0.000220571
-0.0520221 0.231048 -0.00228076
-0.0501531 0.191341 -0.00464076
-0.0444438 0.15025 -0.00588137
-0.0339772 0.104375 -0.0055387
-0.0182017 0.0528978 -0.00365601
0.000996998 -0.00282485 -0.000769758
0.172303 0.320843 0.00255258
0.163432 0.279091 -0.000762517
0.15633 0.235618 -0.00713617
0.1524 0.190722 -0.0190117
0.148599 0.146794 -0.0332756
0.140521 0.106466 -0.0453635
0.123872 0.0714473 -0.0504791
0.0949099 0.0420427 -0.0441193
0.0538715 0.0178556 -0.0264572
0.00356392 -0.00436244 -0.0019257
-0.0249287 -0.489091 -0.038142
-0.026837 -0.410919 -0.0215139
-0.0283688 -0.340282 -0.00386702
-0.0289626 -0.302383 0.00605294
-0.0279038 -0.269007 0.0149701
-0.0258267 -0.235882 0.0211423
-0.0225197 -0.194054 0.0242281
-0.0171418 -0.141416 0.0224904
-0.00910638 -0.0782779 0.0141762
0.0015237 -0.00526699 0.000128116
0.0378375 -0.348291 -0.241969
0.0206082 -0.330058 -0.230359
0.000342372 -0.30899 -0.216023
-0.0206157 -0.289166 -0.198474
-0.0410506 -0.272578 -0.175916
-0.0559445 -0.263774 -0.149118
-0.0625296 -0.264371 -0.118202
-0.0610796 -0.275461 -0.0794527
-0.0529215 -0.298866 -0.036908
-0.0414825 -0.334276 0.00505662
0.0491286 -0.0891785 0.227916
0.0509127 -0.10997 0.222558
0.0521632 -0.134721 0.214859
0.0516369 -0.159842 0.204853
0.0476263 -0.186006 0.190418
0.0394961 -0.20881 0.17138
0.0272561 -0.228342 0.146849
0.00902495 -0.252162 0.110619
-0.0139784 -0.286628 0.0634798
-0.0394887 -0.333795 0.00880561
-0.0642642 0.358426 -0.00880184
-0.0677165 0.322725 -0.00346163
-0.0705841 0.282857 -0.00202331
-0.0711479 0.241112 -0.0046095
-0.0688366 0.201528 -0.00842059
-0.0638381 0.166348 -0.0113962
-0.0545746 0.129791 -0.0118802
-0.0403429 0.0886924 -0.00958733
-0.0212372 0.0433774 -0.00533727
0.000733979 -0.00410158 -0.00027166
0.140916 0.34538 0.0152512
0.134675 0.308518 0.0164291
0.128549 0.267588 0.0149429
0.12522 0.222942 0.00670958
0.122925 0.177301 -0.00621037
0.117812 0.132868 -0.0189787
0.105635 0.0918666 -0.0276628
0.0820735 0.0552618 -0.0279407
0.0464786 0.0235881 -0.0176917
0.00308137 -0.00522274 -0.00134898
-0.0399186 -0.508957 -0.028309
-0.0402506 -0.428685 -0.0131755
-0.0408726 -0.355548 0.00179412
-0.0414392 -0.315002 0.0101886
-0.0405481 -0.278161 0.0175969
-0.038174 -0.240887 0.0234931
-0.0341069 -0.195787 0.0265752
-0.0270633 -0.141254 0.0245826
-0.0152325 -0.077579 0.015819
0.000906456 -0.00588409 0.00067331
0.0351096 -0.309358 -0.240127
0.0186887 -0.297879 -0.226806
-0.00120524 -0.284706 -0.209544
-0.0223053 -0.272409 -0.188449
-0.0414889 -0.263712 -0.164038
-0.0540499 -0.260732 -0.138735
-0.0588032 -0.265063 -0.109482
-0.0554436 -0.280073 -0.0735587
-0.0454573 -0.309615 -0.032741
-0.032293 -0.353471 0.00910838
0.0766626 -0.0990057 0.155146
0.0788838 -0.116 0.157205
0.0804368 -0.13675 0.158953
0.0801475 -0.159055 0.159446
0.0748661 -0.185141 0.154585
0.0639012 -0.210285 0.142525
0.0484495 -0.233219 0.123936
0.0265022 -0.261424 0.0948363
-0.000797013 -0.301224 0.0561152
-0.0309334 -0.353862 0.0112807
-0.0695312 0.350924 -0.0194075
-0.0721007 0.315597 -0.00874432
-0.0740315 0.277108 -0.00325751
-0.0736633 0.236633 -0.00588572
-0.0701376 0.198202 -0.0126258
-0.0628888 0.163098 -0.0179604
-0.0514987 0.126377 -0.0195079
-0.0363876 0.0856048 -0.0162285
-0.0183277 0.0415359 -0.00920415
0.000987788 -0.00430919 -0.000328008
0.117539 0.349631 0.0273586
0.11494 0.31317 0.031075
0.112887 0.273295 0.0307811
0.111982 0.230031 0.0249756
0.110868 0.185743 0.0149107
0.106834 0.142606 0.00417865
0.0959922 0.101436 -0.0039691
0.0743983 0.0625932 -0.0072241
0.0417771 0.0275589 -0.00546055
0.00281571 -0.00514254 -0.000662517
-0.0334047 -0.538365 -0.0212306
-0.0318727 -0.451271 -0.00689974
-0.0317814 -0.374775 0.00653068
-0.0319909 -0.331538 0.0145521
-0.0309029 -0.294994 0.020679
-0.0281698 -0.255334 0.0254258
-0.0240911 -0.206861 0.027452
-0.018132 -0.147628 0.0248142
-0.00959136 -0.0803777 0.0156777
0.0011055 -0.00580207 0.000776983
0.00912346 -0.251378 -0.211037
-0.00422249 -0.247556 -0.198667
-0.0204419 -0.243843 -0.182366
-0.0370419 -0.242276 -0.163036
-0.0530235 -0.243413 -0.139953
-0.0635236 -0.248025 -0.116381
-0.0656531 -0.257509 -0.0923358
-0.0588365 -0.277507 -0.0620982
-0.043835 -0.312687 -0.0259909
-0.0243149 -0.362881 0.0124574
0.101076 -0.114299 0.0562042
0.104198 -0.126025 0.0654481
0.107956 -0.140553 0.0779653
0.108944 -0.159894 0.0911473
0.10378 -0.183872 0.0995926
0.0916731 -0.208313 0.0989439
0.0733327 -0.232282 0.0889888
0.0477269 -0.262169 0.0701676
0.0149886 -0.305242 0.0442893
-0.022156 -0.362895 0.0140262
-0.0828566 0.344608 -0.0259442
-0.0837988 0.309202 -0.0149577
-0.0837934 0.271415 -0.00930058
-0.08164 0.232407 -0.0116739
-0.0764939 0.194303 -0.0191376
-0.0678448 0.158639 -0.0259833
-0.055261 0.122 -0.0282555
-0.0389139 0.0819503 -0.0241447
-0.0197188 0.0393855 -0.014223
0.00105971 -0.00409531 -0.00101726
0.0942557 0.339733 0.0289981
0.0924638 0.309187 0.0347852
0.0914393 0.273143 0.038272
0.0913398 0.232853 0.0368755
0.0914967 0.192161 0.0302948
0.0896213 0.153715 0.0216873
0.0820081 0.11499 0.0129829
0.0647429 0.0748802 0.00625895
0.0368795 0.0351152 0.00210993
0.00285366 -0.00432029 -0.000668837
-0.019956 -0.562233 -0.0168689
-0.0223281 -0.469605 -0.00266008
-0.0237787 -0.385963 0.010715
-0.0232176 -0.342619 0.0185916
-0.0203608 -0.305129 0.0237256
-0.0172318 -0.266582 0.0260905
-0.0140769 -0.216101 0.0255999
-0.0106882 -0.153098 0.021877
-0.00591381 -0.0826964 0.0132479
0.00125264 -0.00531272 0.00021024
-0.0425901 -0.185392 -0.143636
-0.0505714 -0.189262 -0.135398
-0.0602015 -0.195062 -0.124679
-0.0716712 -0.204779 -0.109459
-0.0819439 -0.215958 -0.0922835
-0.0877293 -0.227134 -0.0765887
-0.0865056 -0.242448 -0.0601083
-0.0758479 -0.266863 -0.0405188
-0.0536313 -0.307327 -0.0145852
-0.0232202 -0.363233 0.0140378
0.128222 -0.14565 -0.033139
0.130559 -0.152984 -0.020367
0.131715 -0.163472 -0.0045931
0.128787 -0.180246 0.0145683
0.121003 -0.199312 0.0311345
0.109462 -0.216336 0.0401304
0.0915819 -0.234652 0.0416134
0.065764 -0.260338 0.0369701
0.0280657 -0.302297 0.0278611
-0.0169326 -0.361281 0.0160029
-0.104933 0.332826 -0.0270762
-0.104126 0.298541 -0.0201167
-0.102211 0.261358 -0.0176303
-0.0983165 0.22428 -0.0205161
-0.091481 0.185522 -0.0275697
-0.0810145 0.148216 -0.0348587
-0.0671168 0.112605 -0.0369211
-0.0482434 0.0742882 -0.0323099
-0.0251722 0.0346769 -0.0197522
0.000685964 -0.00395284 -0.00215778
0.0745249 0.332339 0.0139637
0.0706334 0.306175 0.0245075
0.0673163 0.275311 0.0349231
0.0661568 0.238855 0.0394479
0.0674162 0.201416 0.0369181
0.0683029 0.16677 0.0302101
0.0654298 0.12944 0.0212178
0.0546308 0.0880144 0.0120609
0.0324891 0.0433742 0.00462929
0.00284421 -0.00329692 -0.00146352
-0.0115003 -0.574132 -0.0173275
-0.0166474 -0.475891 -0.00073785
-0.0190765 -0.388599 0.0136818
-0.0166077 -0.34398 0.0224327
-0.0123291 -0.305923 0.0265088
-0.00910856 -0.266217 0.0270797
-0.00710284 -0.213701 0.0246935
-0.00555045 -0.152265 0.0195466
-0.00301663 -0.0821514 0.0109109
0.00113917 -0.00487401 -0.000858687
-0.10273 -0.120126 -0.0512713
-0.105204 -0.130987 -0.0472851
-0.108726 -0.14485 -0.0424897
-0.114371 -0.162516 -0.0363755
-0.118582 -0.180008 -0.0291929
-0.119219 -0.196813 -0.0221371
-0.113854 -0.218562 -0.0147335
-0.0976217 -0.247787 -0.00683617
-0.0679277 -0.292711 0.00318076
-0.0261585 -0.352221 0.0133594
0.140099 -0.188235 -0.118028
0.142133 -0.191261 -0.102533
0.142828 -0.196441 -0.083625
0.140107 -0.205399 -0.0594458
0.133 -0.215501 -0.035368
0.122414 -0.224755 -0.0172715
0.104935 -0.236684 -0.00463342
0.0782736 -0.257235 0.00372099
0.0382178 -0.293551 0.0107034
-0.0116111 -0.346891 0.0162851
-0.126922 0.33855 -0.0435248
-0.125324 0.301491 -0.0355023
-0.122055 0.262471 -0.0330077
-0.115739 0.222252 -0.0377678
-0.106131 0.181708 -0.0462912
-0.0933844 0.142717 -0.0531488
-0.0767484 0.105145 -0.053161
-0.0551673 0.0681601 -0.0439095
-0.0291102 0.0317236 -0.0262041
-0.000305176 -0.00395368 -0.0035292
0.0491797 0.342449 0.00255028
0.0433595 0.316287 0.0168866
0.0407489 0.286334 0.0289858
0.0423687 0.252118 0.0340376
0.0465449 0.216304 0.0321523
0.0502118 0.181655 0.0258963
0.0502279 0.145253 0.0176453
0.0431529 0.102671 0.00932345
0.026576 0.0531611 0.00267294
0.00207553 -0.0025155 -0.00262413
-0.0044619 -0.55574 -0.0216764
-0.011133 -0.461734 -0.00323007
-0.014769 -0.374966 0.0137648
-0.0105263 -0.331581 0.0235535
-0.00511035 -0.294029 0.0275518
-0.00277789 -0.252065 0.0274174
-0.00270771 -0.201878 0.024383
-0.00297831 -0.144093 0.0186599
-0.00194824 -0.0785594 0.00981093
0.000276222 -0.00481393 -0.00213648
-0.158609 -0.085387 0.0353918
-0.156356 -0.101719 0.0364417
-0.153427 -0.122905 0.0375067
-0.150671 -0.147444 0.038551
-0.14739 -0.17075 0.0392883
-0.141586 -0.191229 0.0392747
-0.128528 -0.215247 0.0378297
-0.103832 -0.246939 0.0341488
-0.0660575 -0.291421 0.0278646
-0.0169072 -0.349483 0.0187237
0.136583 -0.256257 -0.179166
0.140094 -0.253589 -0.159964
0.143275 -0.251324 -0.136383
0.144227 -0.250129 -0.110594
0.141655 -0.250035 -0.0813876
0.132632 -0.252552 -0.0546134
0.115843 -0.259704 -0.0338692
0.0864596 -0.276545 -0.0152581
0.0441935 -0.306613 0.00201754
-0.00690098 -0.349514 0.018021
-0.14407 0.32348 -0.0578903
-0.142417 0.286205 -0.0502441
-0.138439 0.246483 -0.0483994
-0.130491 0.204762 -0.0558563
-0.119025 0.163303 -0.0676559
-0.104394 0.123971 -0.0762778
-0.0862834 0.0877106 -0.0753862
-0.063229 0.0536194 -0.0618297
-0.0349906 0.0231344 -0.0369223
-0.00217599 -0.0044353 -0.00583307
0.0208843 0.348095 -6.56963e-005
0.0184783 0.321044 0.013773
0.0200551 0.29063 0.0251246
0.0241681 0.257874 0.0301014
0.0307654 0.221818 0.0287895
0.036286 0.186004 0.0232882
0.0378863 0.149378 0.0162563
0.032928 0.105743 0.00889093
0.0199795 0.0541424 0.00241112
0.000546154 -0.00260022 -0.00385517
-0.000409109 -0.534013 -0.0232699
-0.00573725 -0.44853 -0.00286379
-0.0092223 -0.368479 0.0155215
-0.00661283 -0.324036 0.0248575
-0.00377558 -0.285645 0.0283814
-0.00373342 -0.244059 0.028362
-0.00559523 -0.19657 0.0254398
-0.00711008 -0.141591 0.0192215
-0.00607447 -0.0777771 0.0092574
-0.00139269 -0.00508654 -0.00366862
-0.183292 -0.0653093 0.097848
-0.177718 -0.0844526 0.0974865
-0.171181 -0.106909 0.0968659
-0.163341 -0.132913 0.0954852
-0.154602 -0.15685 0.0923294
-0.142753 -0.179195 0.0870274
-0.125261 -0.201403 0.07928
-0.0969299 -0.23107 0.0668365
-0.0576216 -0.27284 0.0491099
-0.00660295 -0.330311 0.0250624
0.135154 -0.309547 -0.213797
0.140976 -0.299944 -0.191967
0.147362 -0.288807 -0.165747
0.15171 -0.277962 -0.137569
0.15232 -0.26858 -0.105875
0.145462 -0.26466 -0.0752921
0.128763 -0.267938 -0.0492672
0.0984762 -0.280427 -0.0240085
0.0557913 -0.303199 -0.000767426
0.00529445 -0.335599 0.020554
-0.148469 0.299025 -0.0606786
-0.145056 0.262441 -0.0570685
-0.139167 0.22214 -0.0596918
-0.129005 0.180606 -0.0713881
-0.115482 0.140192 -0.0870422
-0.0994468 0.102767 -0.0978566
-0.0801271 0.0680728 -0.0961366
-0.0567758 0.0382174 -0.0767663
-0.0299038 0.0150239 -0.0434131
-0.00387519 -0.00443916 -0.00909815
0.0163416 0.385187 -9.04592e-005
0.014021 0.352036 0.0152654
0.0145788 0.316393 0.0269611
0.0192033 0.27809 0.0315985
0.0262293 0.238601 0.0303074
0.0327388 0.19927 0.0253118
0.0355917 0.157892 0.0187228
0.0312402 0.110832 0.0121359
0.0183444 0.0568905 0.00444396
-0.000489568 -0.00225074 -0.00482126
0.0113936 -0.505263 -0.0242459
0.00673215 -0.428237 -0.00230753
0.002799 -0.356103 0.0171457
0.00340751 -0.314822 0.0263422
0.00378791 -0.273851 0.0306341
0.00160852 -0.234549 0.0314867
-0.00207798 -0.190324 0.029215
-0.00499051 -0.138319 0.0229086
-0.00519929 -0.0764595 0.011405
-0.00239545 -0.00493639 -0.00493821
-0.190209 -0.0448907 0.127368
-0.181857 -0.0672659 0.126694
-0.171676 -0.093565 0.125439
-0.160412 -0.120252 0.12234
-0.14699 -0.146435 0.116328
-0.130929 -0.168903 0.107583
-0.110455 -0.189179 0.0960245
-0.079517 -0.216121 0.0781703
-0.038118 -0.255745 0.0534666
0.0110135 -0.309517 0.0231174
0.136483 -0.332124 -0.23128
0.143787 -0.316535 -0.208132
0.151863 -0.297817 -0.179854
0.158036 -0.278568 -0.147729
0.159387 -0.26349 -0.114653
0.153103 -0.256312 -0.0847277
0.135485 -0.257254 -0.055717
0.104569 -0.266224 -0.027593
0.0631005 -0.284291 -0.00197521
0.0160749 -0.311956 0.0212233
-0.145398 0.291661 -0.0693382
-0.140267 0.251979 -0.0647689
-0.133158 0.210564 -0.067842
-0.122195 0.169138 -0.0817789
-0.107223 0.129662 -0.10072
-0.0893457 0.0931543 -0.113915
-0.0696968 0.0605846 -0.111637
-0.0491186 0.0338653 -0.0899329
-0.0268869 0.0133948 -0.0529779
-0.00324242 -0.00323536 -0.00913954
0.0137051 0.427098 0.00315536
0.0141762 0.386316 0.0172565
0.0167615 0.344218 0.0273391
0.0221637 0.300843 0.0309797
0.0292837 0.257946 0.0292766
0.0355792 0.216319 0.024759
0.0378311 0.173283 0.0193984
0.0331643 0.123841 0.0136128
0.02017 0.0657147 0.00588357
-0.000315064 -0.000673945 -0.00503558
0.0228789 -0.474272 -0.0265153
0.0192003 -0.400268 -0.0027116
0.0157538 -0.33118 0.0174491
0.014737 -0.29257 0.0267959
0.0127872 -0.256698 0.0314921
0.00927645 -0.221922 0.0329358
0.00436496 -0.180099 0.0314805
0.000355628 -0.130962 0.0254456
-0.00167947 -0.0719402 0.0130872
-0.00214489 -0.00368907 -0.00529775
-0.191765 -0.0290164 0.127452
-0.181981 -0.0537171 0.127364
-0.1696 -0.0833428 0.126341
-0.155245 -0.114399 0.122927
-0.139531 -0.141724 0.11656
-0.123023 -0.162314 0.108277
-0.100641 -0.181694 0.0957008
-0.068038 -0.207169 0.0763301
-0.0260531 -0.244414 0.050182
0.0212919 -0.294323 0.0193636
0.138849 -0.332253 -0.238507
0.146272 -0.313697 -0.215161
0.154385 -0.291375 -0.186435
0.16056 -0.268405 -0.153427
0.161851 -0.250652 -0.120028
0.155653 -0.242048 -0.0895023
0.138518 -0.242239 -0.0602842
0.108182 -0.250471 -0.0312694
0.0680126 -0.26762 -0.00482098
0.0234298 -0.294967 0.0188751
-0.14387 0.289815 -0.0758
-0.136796 0.250152 -0.0724595
-0.12786 0.208763 -0.0756485
-0.115703 0.167185 -0.0891823
-0.0999567 0.127524 -0.108077
-0.0815006 0.0909342 -0.122045
-0.0620803 0.0592078 -0.120588
-0.044394 0.0346176 -0.098657
-0.025476 0.01495 -0.0595523
-0.00351632 -0.00138476 -0.0108394
0.018454 0.45033 -0.00102512
0.0179996 0.407529 0.0142482
0.020162 0.362534 0.0248376
0.0255622 0.315679 0.0288902
0.0328879 0.269745 0.0271683
0.0387829 0.227507 0.0227647
0.0402971 0.184311 0.0179076
0.0346996 0.133598 0.0127116
0.0207957 0.0724826 0.00537659
0.000380656 0.0012129 -0.00474128
0.0281853 -0.457157 -0.0305265
0.0259665 -0.383718 -0.00605375
0.023622 -0.314879 0.0147433
0.02209 -0.275628 0.025161
0.019073 -0.244401 0.0301403
0.0147182 -0.212757 0.0318536
0.0090364 -0.170506 0.0307377
0.00427172 -0.122014 0.02492
0.000988239 -0.0651935 0.0126236
-0.00138755 -0.00181979 -0.00517648
-0.188348 -0.0122463 0.102243
-0.178959 -0.0373102 0.104048
-0.167202 -0.0674699 0.105197
-0.153206 -0.0994315 0.104257
-0.137638 -0.128105 0.100803
-0.120634 -0.150059 0.0946576
-0.0969135 -0.1708 0.0834023
-0.0625064 -0.196636 0.0651581
-0.0196179 -0.232136 0.0409885
0.0278724 -0.279189 0.012926
0.143675 -0.307047 -0.24319
0.150106 -0.28913 -0.22062
0.157123 -0.267828 -0.192985
0.162836 -0.246054 -0.161562
0.164517 -0.229059 -0.129115
0.159739 -0.220066 -0.0999134
0.144265 -0.219743 -0.0712066
0.11501 -0.228712 -0.0414719
0.0753338 -0.248382 -0.0134551
0.0304952 -0.279346 0.0123449
-0.143221 0.297119 -0.0758228
-0.134171 0.25994 -0.0810819
-0.123376 0.219332 -0.0882217
-0.109689 0.177499 -0.100509
-0.0934725 0.137426 -0.114693
-0.0759285 0.1006 -0.122544
-0.0581786 0.067906 -0.116006
-0.0408729 0.0405515 -0.0913744
-0.0219983 0.0185153 -0.0524579
-0.000549672 -0.000236014 -0.00595429
0.0275512 0.464126 -0.009599
0.0252143 0.422293 0.00617728
0.0259686 0.3769 0.0177716
0.0309408 0.32795 0.0222393
0.0381609 0.277956 0.0205855
0.043551 0.233445 0.0164688
0.0445913 0.188815 0.0125278
0.0390351 0.136896 0.00927124
0.0247534 0.0746059 0.00474784
0.002379 0.00250294 -0.00268606
0.0325871 -0.441257 -0.0335655
0.0313767 -0.367376 -0.0107271
0.0300378 -0.299769 0.0089304
0.0283603 -0.265096 0.0193041
0.0250316 -0.236208 0.0245689
0.0204715 -0.20683 0.0265611
0.0144059 -0.167466 0.0260406
0.00844354 -0.11928 0.0216126
0.00379504 -0.063401 0.0118437
0.000470258 -0.000422586 -0.00290309
-0.178755 0.00892205 0.0581548
-0.170792 -0.0148636 0.0630463
-0.161305 -0.042401 0.0684133
-0.150491 -0.0704861 0.0718996
-0.136233 -0.100396 0.0729312
-0.117476 -0.127299 0.0695641
-0.0933787 -0.150001 0.0609985
-0.0585764 -0.176008 0.0458515
-0.0145337 -0.209741 0.0254508
0.0341477 -0.254744 0.00172935
0.150055 -0.262065 -0.253856
0.155049 -0.247094 -0.232635
0.160543 -0.230287 -0.207452
0.165361 -0.213795 -0.18058
0.168294 -0.198239 -0.149498
0.166005 -0.188002 -0.118183
0.154057 -0.186857 -0.0897093
0.128082 -0.197038 -0.0594344
0.0884075 -0.220039 -0.0294338
0.0403717 -0.255377 -0.000343877
-0.141226 0.312082 -0.0726991
-0.128675 0.27202 -0.091722
-0.114605 0.231125 -0.109598
-0.0985215 0.190163 -0.124535
-0.0813935 0.151162 -0.132189
-0.0658397 0.115794 -0.127085
-0.0516258 0.0836407 -0.108989
-0.0365807 0.0537469 -0.0793258
-0.0186362 0.0265041 -0.0419355
0.00218819 0.00111666 -0.00107453
0.0310601 0.477025 -0.0103111
0.0322484 0.429925 0.000328026
0.0348317 0.381713 0.00735577
0.0396603 0.332568 0.00878409
0.0455534 0.284278 0.00572948
0.0498367 0.238117 0.0023101
0.0505649 0.190691 0.00104831
0.0451809 0.137181 0.00128458
0.030035 0.0746411 0.00114286
0.00491982 0.00351448 -0.00013223
0.0358316 -0.418978 -0.0379358
0.0360147 -0.344157 -0.018327
0.0362839 -0.277412 -0.00143686
0.0350103 -0.247637 0.00834173
0.0325351 -0.224227 0.013516
0.0282945 -0.196122 0.0157353
0.0217914 -0.157797 0.015846
0.0142489 -0.110298 0.013425
0.00765884 -0.0564045 0.00789492
0.00272674 0.00119818 -8.08782e-005
