0.084583 -0.390252 -0.233725
0.084583 -0.390252 -0.233725
0.058029 -0.350175 -0.216657
0.027613 -0.313749 -0.197532
-0.003438 -0.282768 -0.170308
-0.003438 -0.282768 -0.170308
-0.026529 -0.282206 -0.126998
-0.040029 -0.304967 -0.082776
-0.019433 -0.3127 -0.035141
0.008243 -0.313876 0.009346
0.075627 -0.122112 0.256448
0.075627 -0.122112 0.256448
0.082548 -0.167591 0.234206
0.082548 -0.167591 0.234206
0.082809 -0.210612 0.20597
0.071097 -0.237777 0.163985
0.071097 -0.237777 0.163985
0.055343 -0.24238 0.123488
0.03477 -0.238804 0.074904
0.013917 -0.234023 0.02618
-0.004314 0.418363 -0.073889
-0.000662 0.407081 -0.024122
-0.003914 0.378043 0.017836
-0.010247 0.325141 0.018766
-0.017821 0.274487 0.014609
-0.022231 0.238427 0.01153
-0.021751 0.204294 0.009717
-0.01472 0.152304 -0.000289
-0.008892 0.102367 -0.010186
0 0 0
0.193207 0.237918 0.00303
0.187363 0.187784 -0.006321
0.18964 0.143921 -0.032293
0.189691 0.0997783 -0.05811
0.184931 0.0504453 -0.070748
0.172956 0.0292337 -0.069004
0.143171 0.0151119 -0.05776
0.09515 0.0073093 -0.03848
0.047507 0.0029742 -0.019243
0 0 0
0.010586 -0.527609 -0.045317
0.011456 -0.42805 -0.018661
0.010796 -0.403604 -0.01247
0.008243 -0.313876 0.009346
0.008243 -0.313876 0.009346
0.013917 -0.234023 0.02618
0.013917 -0.234023 0.02618
0.019051 -0.147238 0.028886
0.020302 -0.0981664 0.020733
0 0 0
0.040611 -0.360116 -0.221977
0.040611 -0.360116 -0.221977
0.0183 -0.314854 -0.213226
-0.007951 -0.271965 -0.20136
-0.036644 -0.238102 -0.175524
-0.036644 -0.238102 -0.175524
-0.055637 -0.235094 -0.136549
-0.053822 -0.245985 -0.086542
-0.042942 -0.253991 -0.036126
-0.023569 -0.242619 0.011302
0.031474 -0.0772885 0.26178
0.031474 -0.0772885 0.26178
0.039241 -0.122079 0.238329
0.042171 -0.164005 0.209366
0.041081 -0.201726 0.174953
0.041081 -0.201726 0.174953
0.036472 -0.209301 0.158948
0.016617 -0.222526 0.107836
-0.003743 -0.233015 0.058619
-0.023569 -0.242619 0.011302
-0.038485 0.431416 -0.001378
-0.046775 0.381755 0.009382
-0.05325 0.331956 0.000385
-0.050689 0.28194 -0.009263
-0.048456 0.231651 -0.018333
-0.049377 0.190964 -0.02041
-0.044033 0.145474 -0.018593
-0.040884 0.0945187 -0.013573
-0.023617 0.0468556 -0.006777
0 0 0
0.203552 0.359178 -0.025769
0.175173 0.320477 -0.007285
0.152944 0.276323 0.00526
0.155075 0.228135 -0.012179
0.156897 0.181231 -0.033112
0.154862 0.135719 -0.058689
0.152428 0.0949167 -0.083215
0.124848 0.052858 -0.074701
0.088488 0.0306458 -0.046422
0 0 0
-0.016692 -0.478378 -0.049577
-0.02264 -0.429383 -0.064742
-0.027374 -0.381027 -0.045641
-0.030044 -0.339215 -0.026418
-0.023569 -0.242619 0.011302
-0.023569 -0.242619 0.011302
-0.023803 -0.191694 0.016771
-0.020365 -0.140028 0.021734
-0.017347 -0.0993801 0.020049
0 0 0
-0.02729 -0.342196 -0.21439
-0.02729 -0.342196 -0.21439
-0.057704 -0.30479 -0.197272
-0.057704 -0.30479 -0.197272
-0.089757 -0.276114 -0.169443
-0.112911 -0.26672 -0.124435
-0.112911 -0.26672 -0.124435
-0.113352 -0.267606 -0.07267
-0.100614 -0.265506 -0.021332
-0.091079 -0.258815 0.00985
0.001747 -0.0948133 0.258584
0.001747 -0.0948133 0.258584
0.002695 -0.142602 0.238999
0.002695 -0.142602 0.238999
-0.003067 -0.188409 0.21696
-0.015958 -0.222227 0.180118
-0.015958 -0.222227 0.180118
-0.035437 -0.234242 0.134493
-0.058646 -0.240638 0.088572
-0.079822 -0.249841 0.041581
-0.112233 0.270914 0.015886
-0.112233 0.270914 0.015886
-0.118744 0.222907 -0.000988
-0.11737 0.173261 -0.014353
-0.106906 0.122911 -0.009729
-0.106906 0.122911 -0.009729
-0.095209 0.103434 -0.006331
-0.07486 0.0711614 -0.002934
-0.040863 0.0324368 -0.000522
0 0 0
0.110081 0.339859 0.007194
0.110081 0.339859 0.007194
0.08231 0.302477 0.028052
0.077463 0.251698 0.017253
0.078055 0.204057 -0.003282
0.076636 0.152378 -0.012996
0.077807 0.107816 -0.032006
0.065399 0.0616984 -0.050285
0.036664 0.0258741 -0.0277
0 0 0
-0.080793 -0.507461 -0.019858
-0.086396 -0.457189 -0.012293
-0.091006 -0.406516 -0.004518
-0.093452 -0.353676 0.004767
-0.088469 -0.253863 0.018243
-0.083578 -0.230883 0.024175
-0.079446 -0.180295 0.030661
-0.073651 -0.128477 0.031181
-0.049617 -0.0818005 0.03032
0 0 0
0.077477 -0.334103 -0.248177
0.077477 -0.334103 -0.248177
0.042869 -0.310162 -0.218411
0.008487 -0.287413 -0.186299
-0.022072 -0.277212 -0.145516
-0.022072 -0.277212 -0.145516
-0.030596 -0.279597 -0.117482
-0.030775 -0.285636 -0.077652
-0.019177 -0.299222 -0.027735
-0.006234 -0.320153 0.017348
0.120182 -0.127228 0.19459
0.120182 -0.127228 0.19459
0.108072 -0.175198 0.181452
0.108072 -0.175198 0.181452
0.094658 -0.222132 0.16447
0.070986 -0.254578 0.128752
0.070986 -0.254578 0.128752
0.048688 -0.274707 0.096419
0.021146 -0.297911 0.056712
-0.006234 -0.320153 0.017348
-0.033572 0.37298 -0.058943
-0.036766 0.3529 -0.011695
-0.044734 0.314551 0.021068
-0.046576 0.263963 0.010254
-0.045902 0.218172 -0.012217
-0.038247 0.194382 -0.017387
-0.025079 0.152908 -0.022751
-0.014439 0.101166 -0.018272
-0.002317 0.0503319 -0.009687
0 0 0
0.135052 0.357981 0.024637
0.136927 0.310627 0.043799
0.139305 0.260317 0.03573
0.144229 0.210296 0.023809
0.142485 0.1611 0.009565
0.135736 0.116505 0.00097
0.124524 0.0778039 -0.000187
0.096831 0.0350949 0.004903
0.050267 0.0139649 0.003606
0 0 0
-0.032473 -0.572052 -0.026122
-0.0042 -0.477236 -0.014561
-0.002658 -0.461768 -0.008232
-0.004017 -0.372417 0.00953
-0.006234 -0.320153 0.017348
-0.000994 -0.268932 0.027745
0.003043 -0.21823 0.034791
0.007797 -0.14646 0.037292
0.008476 -0.0959496 0.029902
0 0 0
0.031916 -0.248256 -0.238409
0.031916 -0.248256 -0.238409
-0.002365 -0.237757 -0.201953
-0.002365 -0.237757 -0.201953
-0.033936 -0.236563 -0.161666
-0.052544 -0.252587 -0.116818
-0.052544 -0.252587 -0.116818
-0.045236 -0.268626 -0.072218
-0.027502 -0.282894 -0.024146
-0.009437 -0.296176 0.021803
0.067912 -0.0976533 0.003684
0.067912 -0.0976533 0.003684
0.099511 -0.0980639 0.045797
0.128094 -0.104839 0.087797
0.135402 -0.142614 0.121926
0.114892 -0.189696 0.125008
0.093074 -0.215617 0.111866
0.059547 -0.243716 0.083616
0.025706 -0.269762 0.053508
-0.009437 -0.296176 0.021803
-0.067204 0.382617 -0.068444
-0.070196 0.349295 -0.028852
-0.070692 0.302155 -0.008532
-0.066151 0.251652 -0.015973
-0.058545 0.204844 -0.035282
-0.052706 0.183168 -0.043511
-0.040043 0.144561 -0.045806
-0.025853 0.096321 -0.034134
-0.01265 0.047494 -0.017259
0 0 0
0.077563 0.326352 0.062653
0.077563 0.326352 0.062653
0.085629 0.275964 0.058347
0.092533 0.225589 0.050007
0.096334 0.178837 0.028412
0.096715 0.155548 0.021241
0.091154 0.125791 0.008407
0.071996 0.078299 0.002068
0.036387 0.039838 0.003173
0 0 0
0.004267 -0.56304 -0.014158
-0.00939 -0.513391 -0.012943
-0.02235 -0.428654 0.003897
-0.023323 -0.398021 0.009205
-0.009437 -0.296176 0.021803
-0.009437 -0.296176 0.021803
-0.007137 -0.244874 0.017196
-0.010173 -0.149983 0.021978
-0.015932 -0.0990054 0.019284
0 0 0
-0.052546 -0.219682 -0.163672
-0.052546 -0.219682 -0.163672
-0.052546 -0.219682 -0.163672
-0.067342 -0.249149 -0.124235
-0.074991 -0.279899 -0.083576
-0.074991 -0.279899 -0.083576
-0.07027 -0.290752 -0.064094
-0.07027 -0.290752 -0.064094
-0.043445 -0.311446 -0.01431
-0.016678 -0.328233 0.029601
0.151667 -0.179427 0.008149
0.151667 -0.179427 0.008149
0.151667 -0.179427 0.008149
0.133807 -0.222138 0.030235
0.107033 -0.263089 0.045682
0.107033 -0.263089 0.045682
0.087926 -0.276347 0.045519
0.087926 -0.276347 0.045519
0.032011 -0.304923 0.037618
-0.016678 -0.328233 0.029601
-0.108611 0.238571 0.019008
-0.108611 0.238571 0.019008
-0.105408 0.188551 0.003603
-0.105408 0.188551 0.003603
-0.104158 0.137294 -0.001392
-0.089728 0.096989 -0.023923
-0.089728 0.096989 -0.023923
-0.067918 0.053664 -0.040243
-0.040968 0.011263 -0.028238
0 0 0
0.092753 0.269574 -0.008117
0.092753 0.269574 -0.008117
0.076347 0.25439 0.038942
0.057535 0.209981 0.059239
0.057513 0.157219 0.057213
0.057513 0.157219 0.057213
0.063338 0.114503 0.045416
0.074237 0.068727 0.024402
0.043958 0.028959 0.010801
0 0 0
-0.01349 -0.661392 -0.013416
-0.022993 -0.56044 0.010131
-0.02345 -0.508604 0.020942
-0.020894 -0.432479 0.030617
-0.016678 -0.328233 0.029601
-0.016678 -0.328233 0.029601
-0.013212 -0.226214 0.024464
-0.012738 -0.175087 0.02051
-0.010887 -0.102169 0.013821
0 0 0
-0.084264 -0.0602007 -0.032099
-0.084264 -0.0602007 -0.032099
-0.084264 -0.0602007 -0.032099
-0.113212 -0.0848396 -0.041401
-0.12059 -0.0962654 -0.041445
-0.12059 -0.0962654 -0.041445
-0.138463 -0.142623 -0.029592
-0.138463 -0.142623 -0.029592
-0.132998 -0.188981 -0.008982
-0.116156 -0.237046 -0.013091
0.162832 -0.114047 -0.135081
0.162832 -0.114047 -0.135081
0.162832 -0.114047 -0.135081
0.157214 -0.132697 -0.08788
0.129353 -0.151566 -0.047792
0.129353 -0.151566 -0.047792
0.103976 -0.156655 -0.028668
0.103976 -0.156655 -0.028668
0.066472 -0.161857 -0.003432
0.023281 -0.166549 0.023923
-0.11903 0.406392 -0.065993
-0.11816 0.366999 -0.033092
-0.113774 0.316128 -0.026787
-0.10189 0.268082 -0.039925
-0.085174 0.220188 -0.051156
-0.072515 0.183117 -0.056054
-0.054214 0.135152 -0.051141
-0.029974 0.0939148 -0.031662
-0.007523 0.0492818 -0.012086
0 0 0
0.090301 0.418419 -0.018356
0.0537 0.395195 0.009212
0.036841 0.355807 0.037321
0.044573 0.305334 0.031014
0.052555 0.256404 0.018325
0.05723 0.22457 0.008224
0.060519 0.194661 -0.000501
0.057866 0.14425 -0.00847
0.046203 0.0941488 -0.007439
0 0 0
0.01937 -0.52598 -0.037259
0.002797 -0.477058 -0.026188
0.00026 -0.378243 0.010461
0.008682 -0.349913 0.019842
0.029852 -0.273517 0.02686
0.026962 -0.221129 0.025829
0.023281 -0.166549 0.023923
0.018202 -0.115389 0.022004
0.015453 -0.0826282 0.02006
0 0 0
-0.215522 -0.0963409 0.049534
-0.215522 -0.0963409 0.049534
-0.197692 -0.144197 0.04898
-0.184541 -0.193827 0.049421
-0.171563 -0.243623 0.04925
-0.171563 -0.243623 0.04925
-0.151263 -0.279633 0.045501
-0.11034 -0.309293 0.038048
-0.065044 -0.333978 0.029619
-0.019796 -0.357648 0.021177
0.111659 -0.291983 -0.187901
0.111659 -0.291983 -0.187901
0.119176 -0.290823 -0.137217
0.119176 -0.290823 -0.137217
0.12906 -0.289601 -0.086807
0.106635 -0.302351 -0.042545
0.106635 -0.302351 -0.042545
0.069296 -0.319462 -0.018201
0.025289 -0.338415 0.001905
-0.019796 -0.357648 0.021177
-0.158458 0.340329 -0.108387
-0.168853 0.309351 -0.068834
-0.173108 0.267975 -0.038802
-0.165629 0.219216 -0.051902
-0.155796 0.172148 -0.071311
-0.138762 0.124985 -0.08614
-0.127726 0.101888 -0.089637
-0.106735 0.055658 -0.084722
-0.080383 0.018524 -0.06175
0 0 0
-0.041235 0.251093 0.0049
-0.041235 0.251093 0.0049
-0.001556 0.217954 0.017514
-0.001556 0.217954 0.017514
0.018047 0.170264 0.014164
0.021966 0.14023 0.005735
0.021966 0.14023 0.005735
0.021178 0.102201 -0.004734
0.019623 0.049734 -0.001707
0 0 0
-0.023866 -0.557103 -0.026984
-0.021516 -0.508776 -0.010687
-0.023561 -0.410061 0.014136
-0.019796 -0.357648 0.021177
-0.020352 -0.305906 0.018694
-0.026356 -0.255015 0.018458
-0.030471 -0.203434 0.017273
-0.032394 -0.148703 0.013095
-0.033679 -0.0965964 0.005932
0 0 0
-0.179888 -0.100644 0.114985
-0.179888 -0.100644 0.114985
-0.179888 -0.100644 0.114985
-0.165805 -0.150296 0.119724
-0.165805 -0.150296 0.119724
-0.149995 -0.182471 0.113254
-0.149995 -0.182471 0.113254
-0.115722 -0.213307 0.096592
-0.115722 -0.213307 0.096592
-0.074769 -0.237016 0.075815
0.132823 -0.341485 -0.201452
0.132823 -0.341485 -0.201452
0.150367 -0.322285 -0.157167
0.150367 -0.322285 -0.157167
0.16168 -0.298018 -0.112861
0.154108 -0.293082 -0.062495
0.154108 -0.293082 -0.062495
0.124321 -0.304688 -0.021591
0.07928 -0.309431 0.004476
0.033393 -0.297232 0.023506
-0.148904 0.236668 -0.036309
-0.148904 0.236668 -0.036309
-0.142459 0.187061 -0.04644
-0.121279 0.147115 -0.070862
-0.103565 0.104929 -0.093751
-0.0946 0.081166 -0.105266
-0.076392 0.038064 -0.117275
-0.051239 0.002932 -0.089864
0 0 0
-0.026046 -0.0012293 -0.045457
0.061545 0.384716 -0.023833
0.032102 0.366208 0.013781
0.010485 0.330978 0.044297
0.013555 0.279948 0.045616
0.020894 0.229474 0.04293
0.028989 0.189905 0.036325
0.041748 0.14295 0.020927
0.040467 0.091939 0.020395
0.020446 0.045967 0.010742
0 0 0
0.016034 -0.531415 -0.027105
0.014886 -0.498788 -0.014075
0.012567 -0.468457 -0.002628
0.007579 -0.421522 0.01879
0.011486 -0.275511 0.031224
0.003227 -0.253839 0.033368
-0.004539 -0.202932 0.03265
-0.010588 -0.151234 0.02936
-0.013488 -0.100661 0.022515
0 0 0
-0.169205 -0.0378332 0.127133
-0.169205 -0.0378332 0.127133
-0.150069 -0.0855093 0.129453
-0.150069 -0.0855093 0.129453
-0.130589 -0.131589 0.119424
-0.100274 -0.16723 0.098206
-0.100274 -0.16723 0.098206
-0.061252 -0.188744 0.075426
-0.018799 -0.208656 0.051501
0.023797 -0.227859 0.027678
0.14257 -0.309758 -0.222203
0.14257 -0.309758 -0.222203
0.157995 -0.280835 -0.182748
0.167188 -0.250816 -0.142248
0.166001 -0.232092 -0.094502
0.166001 -0.232092 -0.094502
0.150529 -0.233977 -0.060706
0.11232 -0.234778 -0.025877
0.068431 -0.231558 0.001339
0.023797 -0.227859 0.027678
-0.127474 0.31014 -0.090149
-0.127159 0.269935 -0.058564
-0.125996 0.219106 -0.053018
-0.116796 0.175808 -0.078868
-0.098728 0.140884 -0.111697
-0.078093 0.107585 -0.129379
-0.057632 0.0719945 -0.11969
-0.042582 0.0369463 -0.08548
-0.024597 0.0135961 -0.04335
0 0 0
0.00564 0.471729 0.014938
0.012317 0.422186 0.028293
0.024172 0.372383 0.034
0.032312 0.321737 0.028449
0.039709 0.27131 0.021134
0.046697 0.226482 0.015884
0.049294 0.191821 0.01358
0.048034 0.140743 0.014805
0.046749 0.0893976 0.019344
0 0 0
0.039419 -0.442556 -0.029236
0.037634 -0.397808 -0.004593
0.036248 -0.346838 0.008644
0.032015 -0.31987 0.015713
0.023797 -0.227859 0.027678
0.023797 -0.227859 0.027678
0.012249 -0.177373 0.032153
0.006558 -0.145094 0.032693
0.002469 -0.0980447 0.029613
0 0 0
-0.184274 -0.0416635 0.128857
-0.184274 -0.0416635 0.128857
-0.16175 -0.0875523 0.12925
-0.141899 -0.134681 0.124038
-0.113104 -0.172399 0.104106
-0.113104 -0.172399 0.104106
-0.100927 -0.180826 0.096087
-0.06811 -0.196248 0.07669
-0.025164 -0.213751 0.05218
0.018059 -0.230606 0.027749
0.136867 -0.336923 -0.228927
0.136867 -0.336923 -0.228927
0.151255 -0.30376 -0.192671
0.156834 -0.269871 -0.154419
0.154548 -0.242858 -0.111032
0.149378 -0.240433 -0.078771
0.142455 -0.245851 -0.057095
0.108445 -0.252073 -0.019408
0.063885 -0.242156 0.0048
0.018059 -0.230606 0.027749
-0.137894 0.27897 -0.099734
-0.133112 0.238916 -0.06724
-0.122337 0.190065 -0.0565
-0.109845 0.146999 -0.081263
-0.092788 0.111679 -0.116383
-0.073581 0.0762332 -0.149351
-0.040261 0.0401272 -0.163397
-0.046352 0.0387551 -0.140105
-0.043632 0.0166435 -0.093836
-0.024737 0.00508 -0.047885
0.013727 0.444927 0.00292
0.009252 0.40205 0.030517
0.015518 0.351311 0.034254
0.021213 0.3006 0.034776
0.032735 0.251623 0.024858
0.037421 0.228569 0.017527
0.040842 0.20041 0.013373
0.034648 0.149473 0.01236
0.020785 0.0997189 0.005475
0 0 0
0.019955 -0.473671 -0.045121
0.022663 -0.430453 -0.016732
0.023846 -0.382186 0.001075
0.024912 -0.281032 0.021429
0.018059 -0.230606 0.027749
0.018059 -0.230606 0.027749
0.004014 -0.130038 0.030066
0.001552 -0.100466 0.02699
0.000214 -0.049722 0.014922
0 0 0
-0.194264 -0.0338428 0.118925
-0.194264 -0.0338428 0.118925
-0.177927 -0.0822709 0.120546
-0.158604 -0.129943 0.116475
-0.133439 -0.17381 0.108208
-0.133439 -0.17381 0.108208
-0.117493 -0.191009 0.101175
-0.069818 -0.218129 0.077111
-0.025288 -0.233104 0.054496
0.018711 -0.246628 0.03215
0.143907 -0.320797 -0.212111
0.143907 -0.320797 -0.212111
0.153781 -0.28821 -0.173056
0.162366 -0.253009 -0.136667
0.157972 -0.237945 -0.08782
0.157972 -0.237945 -0.08782
0.149396 -0.240506 -0.067032
0.105413 -0.24704 -0.023995
0.062014 -0.247196 0.004826
0.018711 -0.246628 0.03215
-0.144884 0.281357 -0.079374
-0.144884 0.281357 -0.079374
-0.139942 0.235213 -0.056648
-0.126929 0.185425 -0.059559
-0.110596 0.142531 -0.082553
-0.091306 0.102448 -0.108573
-0.06587 0.0596757 -0.118518
-0.046851 0.0230417 -0.087809
-0.02584 0.0061433 -0.044401
0 0 0
0.056145 0.445972 -0.047003
0.026703 0.440697 -0.005071
0.014423 0.403799 0.028754
0.019939 0.354372 0.040606
0.037566 0.25397 0.035972
0.041974 0.226378 0.0287
0.042617 0.195161 0.019604
0.043374 0.143549 0.019347
0.040662 0.0924384 0.022273
0 0 0
0.034366 -0.473981 -0.03468
0.031485 -0.428298 -0.010044
0.033058 -0.378817 0.00851
0.029166 -0.336092 0.023272
0.018711 -0.246628 0.03215
0.018711 -0.246628 0.03215
0.008797 -0.195989 0.036127
0.001695 -0.145231 0.035279
-0.001723 -0.0985853 0.029766
0 0 0
-0.166796 0.0077674 0.031853
-0.166796 0.0077674 0.031853
-0.151635 -0.0380892 0.0494
-0.151635 -0.0380892 0.0494
-0.137364 -0.0873337 0.057733
-0.107317 -0.129531 0.051833
-0.107317 -0.129531 0.051833
-0.067162 -0.159685 0.035318
-0.016558 -0.165506 0.019069
0.021992 -0.171905 0.005029
0.153299 -0.229847 -0.254569
0.153299 -0.229847 -0.254569
0.161463 -0.207026 -0.20929
0.161463 -0.207026 -0.20929
0.167703 -0.18369 -0.164
0.169286 -0.170378 -0.11409
0.169286 -0.170378 -0.11409
0.147123 -0.178769 -0.067758
0.102755 -0.183189 -0.036942
0.056507 -0.18113 -0.01083
-0.136245 0.321473 -0.065864
-0.126581 0.278522 -0.093341
-0.111342 0.23542 -0.117207
-0.094384 0.19284 -0.140603
-0.067611 0.152519 -0.158375
-0.055446 0.122695 -0.136238
-0.048004 0.0964953 -0.110305
-0.039644 0.0618538 -0.073278
-0.024523 0.0307706 -0.035416
0 0 0
0.025783 0.473508 -0.006185
0.030898 0.422211 0.006782
0.035182 0.371138 0.008729
0.041496 0.320495 0.004965
0.050071 0.27221 -0.009405
0.050804 0.233448 -0.015404
0.050804 0.190638 -0.01019
0.054679 0.139612 -0.003037
0.052299 0.0879132 0.000624
0 0 0
0.034333 -0.425919 -0.045295
0.03147 -0.37587 -0.0259
0.032173 -0.326756 -0.011248
0.033748 -0.276729 -0.000744
0.034899 -0.229832 0.003997
0.034723 -0.202361 0.005209
0.026239 -0.151692 0.007601
0.014034 -0.101092 0.008862
0.004458 -0.0509386 0.006885
0 0 0
