-0.217919 -0.270201 -0.297352
-0.195922 -0.273884 -0.250689
-0.18137 0.46802 -0.0673598
-0.175457 -0.27619 -0.203331
-0.168424 0.448839 -0.0212778
-0.159816 0.410681 0.0116942
-0.156086 -0.27982 -0.156058
-0.151774 0.361883 0.0249512
-0.141147 0.312082 0.0309402
-0.138471 -0.286349 -0.108365
-0.133987 0.279847 0.0317082
-0.125127 0.24613 0.0307382
-0.121076 -0.289022 -0.0728728
-0.107865 0.198094 0.0292622
-0.0859799 -0.289839 -0.0338008
-0.0833089 0.152957 0.0320262
-0.0474909 0.11632 0.0396502
-0.0474699 -0.285435 0.000758209
-0.00937891 0.0807469 0.0480512
-0.00937891 0.0807469 0.0480512
-0.00937891 0.0807469 0.0480512
-0.00858291 0.0292863 0.0450382
-0.00775191 -0.272791 0.0307492
-0.00775191 -0.272791 0.0307492
-0.00775191 -0.272791 0.0307492
-0.00723791 -0.0230625 0.0424112
-0.00566091 -0.0763157 0.0396612
-0.00437691 -0.116265 0.0375462
-0.00235191 -0.168919 0.0345602
-0.000186913 -0.221432 0.0315402
0.0252601 0.117286 0.0618842
0.0459071 -0.277828 0.0226592
0.0577291 0.15462 0.0754696
0.0789641 0.199354 0.0884728
0.0895331 0.247528 0.102451
0.0963281 -0.282368 0.0143542
0.0970041 0.287532 0.113075
0.108246 0.336874 0.120917
0.122598 0.386023 0.122059
0.142373 0.433154 0.11639
0.146776 -0.286153 0.00310521
0.173945 0.466846 0.0939602
0.188519 -0.284826 -0.0195128
0.227344 -0.276364 -0.0519778
0.26567 -0.27224 -0.0855648
0.305443 -0.270743 -0.117841
0.346838 -0.269981 -0.147683
