-0.182458 0.464281 -0.0602999
-0.176857 0.445199 -0.0132849
-0.167975 0.406735 0.0202331
-0.158251 0.358766 0.0349721
-0.1476 0.309246 0.0427951
-0.137729 0.268687 0.0445091
-0.127905 0.234638 0.0430391
-0.111627 0.185958 0.0394711
-0.0869949 0.140803 0.0413721
-0.0532609 -0.310444 -0.105
-0.0496699 0.106966 0.0503491
-0.0436829 -0.310402 -0.144168
-0.0403179 -0.298894 -0.0560319
-0.0299379 -0.308989 -0.193574
-0.0208969 -0.284897 -0.00976786
-0.0189479 -0.308454 -0.243478
-0.0123609 0.0730489 0.0600411
-0.0123609 0.0730489 0.0600411
-0.0123609 0.0730489 0.0600411
-0.0122479 0.021076 0.0570881
-0.0102609 -0.0315382 0.0548811
-0.0100319 -0.308682 -0.293893
-0.00857793 -0.0730745 0.0527521
-0.00693793 -0.113703 0.0503561
-0.00472693 -0.166483 0.0463161
-0.00230293 -0.217721 0.0407201
2.30667e-005 -0.27035 0.0350061
2.30667e-005 -0.27035 0.0350061
2.30667e-005 -0.27035 0.0350061
0.0209471 0.111526 0.0747031
0.0425661 -0.284828 0.00644214
0.0523051 0.150075 0.0889187
0.0761781 0.193579 0.102332
0.0838411 -0.298391 -0.0231999
0.0847571 0.231194 0.112462
0.0913031 0.262663 0.120838
0.101462 0.312184 0.130767
0.112867 0.362219 0.134423
0.115842 -0.304984 -0.0625699
0.124831 -0.301735 -0.101575
0.130794 0.409863 0.128604
0.135639 -0.300754 -0.151635
0.148636 -0.300951 -0.201245
0.160865 0.444561 0.106303
0.163377 -0.303406 -0.250068
