-0.172691 0.430291 -0.0556312
-0.165474 0.405125 -0.0103312
-0.160828 0.373775 0.0146168
-0.15667 0.346971 0.0211298
-0.149158 0.299487 0.0392078
-0.145218 0.293075 0.0345368
-0.134605 0.242715 0.0358278
-0.122121 -0.32308 -0.304915
-0.121425 0.193358 0.0344228
-0.113788 -0.325514 -0.254032
-0.107514 -0.326254 -0.202023
-0.105818 0.144691 0.0345538
-0.102579 -0.326561 -0.153498
-0.0999699 -0.329878 -0.101815
-0.0928649 -0.330514 -0.0497342
-0.0853509 0.108037 0.0395648
-0.0459929 0.0759203 0.0486098
-0.00657488 -0.00452697 0.0541328
-0.00604488 -0.0555988 0.0514728
-0.00503488 -0.106771 0.0485298
-0.00500688 0.0464837 0.0574908
-0.00500688 0.0464837 0.0574908
-0.00500688 0.0464837 0.0574908
-0.00358688 -0.158534 0.0451918
-0.00187888 -0.2099 0.0415448
0.000108122 -0.260909 0.0375618
0.0177821 -0.293137 0.0310888
0.0278771 0.0863743 0.070693
0.0586001 0.125227 0.0833739
0.0636161 -0.310886 0.0164568
0.0823281 0.168608 0.0962161
0.0879351 0.200586 0.104733
0.0942901 0.237385 0.11447
0.104303 0.286849 0.123978
0.113826 -0.323285 -0.00202522
0.117678 0.336439 0.126301
0.137214 0.383334 0.120987
0.153854 -0.326304 -0.0343532
0.1693 0.415325 0.0972647
0.1808 -0.320739 -0.0773792
0.20791 -0.320232 -0.121905
0.236386 -0.31954 -0.164666
0.266398 -0.320872 -0.206628
