-0.292405 -0.22103 -0.257847
-0.258884 -0.22505 -0.21869
-0.226396 -0.228637 -0.178659
-0.194038 -0.232558 -0.138403
-0.16427 -0.236575 -0.096622
-0.163569 0.512143 -0.085207
-0.159365 0.501055 -0.035292
-0.155963 0.466326 0.00193101
-0.149775 0.416824 0.013843
-0.148011 -0.237411 -0.073385
-0.137698 0.367109 0.021658
-0.124835 0.316834 0.024831
-0.117797 -0.23052 -0.040726
-0.104984 0.268367 0.026318
-0.0809689 -0.234574 -0.00469799
-0.0743999 0.22706 0.029143
-0.0478189 -0.264045 0.02059
-0.0294649 0.204115 0.039579
-0.00867194 -0.29424 0.03459
-0.00867194 -0.29424 0.03459
-0.00867194 -0.29424 0.03459
-0.00207594 0.186853 0.045951
0.000585056 0.108234 0.039467
0.000888056 0.0567981 0.036177
0.00168606 0.00583935 0.03359
0.00267106 0.159256 0.044452
0.00279206 -0.0456255 0.031499
0.00407806 -0.0971762 0.029685
0.00543906 -0.148405 0.027982
0.00866206 -0.199884 0.027844
0.0195431 -0.34006 0.039551
0.0398441 -0.275134 0.035139
0.0883843 -0.25644 0.035286
0.108995 0.350735 0.112243
0.117205 0.402039 0.114772
0.126706 0.435581 0.116799
0.135089 0.462219 0.116592
0.136891 -0.239965 0.033265
0.153775 0.509129 0.106324
0.175036 -0.235076 0.022945
0.214165 -0.231845 0.00434901
0.259744 -0.226734 -0.01847
0.305551 -0.22369 -0.041414
0.351925 -0.221791 -0.063013
0.39908 -0.221561 -0.083149
