-0.414749 -0.174055 -0.0648625
-0.365908 -0.189195 -0.0618625
-0.316435 -0.202254 -0.0607765
-0.266624 -0.214412 -0.0593715
-0.216934 -0.226561 -0.0569695
-0.201299 -0.229925 -0.0555075
-0.166555 0.475525 -0.0669395
-0.158655 0.429874 -0.0447925
-0.14961 0.380909 -0.0334125
-0.138755 -0.237649 -0.0432345
-0.13711 0.330416 -0.0294545
-0.125176 0.280668 -0.0279335
-0.118348 0.252853 -0.0280555
-0.109233 0.216835 -0.0276665
-0.0863457 0.171152 -0.0240285
-0.0854467 -0.24275 -0.0315665
-0.0485867 0.13768 -0.0163405
-0.0288581 -0.248092 -0.0191195
-0.00926924 -0.0494993 -0.0146455
-0.00925344 0.00174328 -0.0136355
-0.00916044 0.0536435 -0.0116725
-0.00915804 -0.0764268 -0.0147605
-0.00903044 -0.103718 -0.0148725
-0.00833964 -0.157656 -0.0151055
-0.00670914 0.104761 -0.00791555
-0.00670914 0.104761 -0.00791555
-0.00670914 0.104761 -0.00791555
0.000174158 -0.374024 -0.0301115
0.000544258 -0.332443 -0.0245105
0.00111856 -0.208438 -0.0133365
0.00224926 -0.425585 -0.0350425
0.0191369 -0.304018 -0.0139865
0.0275321 -0.253367 -0.00667855
0.0275321 -0.253367 -0.00667855
0.0275321 -0.253367 -0.00667855
0.0275321 -0.253367 -0.00667855
0.0293778 0.141262 0.00664245
0.058859 0.181033 0.0201975
0.0796752 -0.247433 0.0129435
0.0796783 0.226955 0.0320915
0.0886195 0.276815 0.0417605
0.095742 0.304789 0.0495715
0.102544 0.325161 0.0553875
0.113291 0.374466 0.0628765
0.123457 0.424915 0.0642875
0.130612 -0.241482 0.0322125
0.142213 0.471559 0.0541455
0.174845 0.494068 0.0214135
0.179086 -0.235323 0.0508685
0.212432 -0.226584 0.0666975
0.212622 0.510572 -0.00894055
0.24381 -0.218004 0.0802455
0.29029 -0.207743 0.0994365
0.336363 -0.199301 0.120116
0.382094 -0.191146 0.142082
