-0.423223 -0.294856 -0.0825808
-0.377743 -0.306158 -0.0786586
-0.331438 -0.31694 -0.0742757
-0.28483 -0.326584 -0.0687234
-0.239243 -0.334476 -0.0613838
-0.194483 -0.340307 -0.0518501
-0.145019 -0.345734 -0.0400273
-0.0922013 -0.352969 -0.0275127
-0.0375252 -0.365067 -0.0154654
0.0175034 -0.383186 -0.00422993
0.414468 -0.3089 0.138247
0.379619 -0.313783 0.126817
0.339657 -0.319525 0.113102
0.296368 -0.325702 0.0980742
0.252987 -0.331664 0.0829259
0.21123 -0.337014 0.0680186
0.168398 -0.342594 0.0523162
0.121574 -0.350511 0.0349996
0.0709548 -0.363723 0.0160237
0.0179806 -0.383163 -0.00418199
-0.160183 0.358917 -0.0416047
-0.152448 0.313175 -0.0325608
-0.144266 0.266481 -0.0256348
-0.135502 0.220223 -0.0215382
-0.126148 0.177174 -0.0194586
-0.114806 0.138924 -0.018221
-0.0979231 0.102544 -0.0164053
-0.0721942 0.0664177 -0.0127525
-0.0379598 0.0313068 -0.00702523
0.000899593 -0.00338262 -0.000167158
0.213083 0.410524 0.00297441
0.182466 0.380165 0.029451
0.154851 0.344546 0.0514914
0.133038 0.299955 0.0637281
0.116993 0.250288 0.0658558
0.105351 0.206488 0.0613947
0.0931411 0.164314 0.0523602
0.0742791 0.116689 0.0391304
0.0441596 0.0610619 0.0216499
0.00378667 -0.00203961 0.000657755
0.00833807 -0.536103 -0.0211856
0.0124221 -0.462456 -0.0129737
0.0161801 -0.393496 -0.00566048
0.0142631 -0.346389 -0.003327
0.00755573 -0.305183 -0.00448179
0.00126352 -0.260949 -0.0063325
-0.00219993 -0.210325 -0.00725939
-0.00291188 -0.151741 -0.00661398
-0.00139264 -0.0832846 -0.00413585
0.00171741 -0.00469308 -0.000133418
-0.387244 -0.317504 -0.175315
-0.353537 -0.324093 -0.161962
-0.315306 -0.330928 -0.145773
-0.274331 -0.337129 -0.126761
-0.232687 -0.34252 -0.105609
-0.190514 -0.346861 -0.0833129
-0.1463 -0.350366 -0.0612513
-0.0987726 -0.354489 -0.0409143
-0.0479481 -0.361354 -0.0227738
0.00516721 -0.371945 -0.00593243
0.424481 -0.326949 0.0401548
0.383837 -0.331168 0.0383044
0.34066 -0.335794 0.0368127
0.295238 -0.340448 0.0357862
0.249478 -0.344436 0.0346198
0.204631 -0.347352 0.0323809
0.158438 -0.349578 0.0275641
0.109651 -0.3528 0.0190662
0.0588099 -0.359734 0.00752642
0.00667336 -0.371472 -0.00568633
-0.16006 0.362602 -0.0500288
-0.153846 0.324283 -0.0405715
-0.146969 0.28196 -0.0317106
-0.139486 0.237852 -0.0246472
-0.130862 0.195321 -0.0195749
-0.119679 0.156348 -0.0167737
-0.102571 0.118313 -0.0149076
-0.0760275 0.0801127 -0.0117074
-0.039954 0.042386 -0.00593039
0.00251023 0.00490481 0.00181036
0.198638 0.402607 0.0205766
0.174045 0.371258 0.0411826
0.151494 0.335363 0.0575496
0.133382 0.293419 0.0662911
0.119755 0.249687 0.0678867
0.109484 0.20984 0.0642962
0.0979029 0.170623 0.0563154
0.0787977 0.125294 0.0433055
0.047934 0.0707407 0.025363
0.00659824 0.00716142 0.00331065
0.00980432 -0.506589 -0.0135123
0.00849304 -0.443472 -0.00926912
0.00684311 -0.380086 -0.00619421
0.00499627 -0.331604 -0.00568708
0.00367308 -0.286869 -0.00608014
0.0019683 -0.240834 -0.00673652
0.000792055 -0.190846 -0.00673171
0.000708914 -0.134481 -0.00539201
0.00184306 -0.0696638 -0.00237529
0.00409748 0.00402558 0.00216887
-0.341891 -0.329763 -0.250929
-0.314617 -0.333709 -0.22849
-0.283022 -0.338039 -0.20231
-0.248675 -0.342112 -0.172544
-0.213424 -0.345661 -0.140862
-0.177085 -0.34875 -0.109481
-0.138391 -0.351528 -0.0798206
-0.0960038 -0.354853 -0.0527693
-0.0493173 -0.359129 -0.0287324
0.000931654 -0.36354 -0.00662055
0.423798 -0.334807 -0.0466304
0.384864 -0.337947 -0.0386668
0.342017 -0.341661 -0.029434
0.296651 -0.345701 -0.0189265
0.250377 -0.349329 -0.00812259
0.203815 -0.352006 0.00101016
0.156212 -0.353649 0.00622022
0.10692 -0.354933 0.00602784
0.0560831 -0.357683 0.00127007
0.00424365 -0.362476 -0.00589618
-0.160321 0.375811 -0.0675853
-0.154466 0.340422 -0.0535212
-0.14855 0.30221 -0.0398018
-0.141858 0.260892 -0.0282593
-0.133243 0.218844 -0.0204187
-0.12201 0.178304 -0.0164319
-0.105358 0.137392 -0.0143125
-0.080111 0.095666 -0.0113539
-0.0436305 0.0543439 -0.00554602
0.00335593 0.0131809 0.00357339
0.184363 0.398714 0.0415544
0.16527 0.36654 0.0541199
0.147957 0.331053 0.0639161
0.133579 0.291114 0.0694247
0.122158 0.249419 0.070234
0.113143 0.21265 0.0667594
0.102134 0.176016 0.0590115
0.0839316 0.133454 0.0469872
0.0537238 0.0813288 0.0297121
0.0112588 0.0189182 0.00703792
0.012152 -0.466593 -0.00870986
0.00768615 -0.418514 -0.00754373
0.00422171 -0.36594 -0.00667227
0.00358203 -0.315218 -0.00668786
0.00384709 -0.266397 -0.00670448
0.0041193 -0.219249 -0.0063889
0.00431374 -0.170566 -0.0054569
0.00473979 -0.116681 -0.00346236
0.00559773 -0.0553063 -2.75372e-005
0.00655146 0.012937 0.00455051
-0.283259 -0.353838 -0.308137
-0.26009 -0.356619 -0.278677
-0.235132 -0.359582 -0.246179
-0.20861 -0.362636 -0.210324
-0.181666 -0.365543 -0.173155
-0.154224 -0.367963 -0.137484
-0.123519 -0.369781 -0.103482
-0.0878101 -0.371626 -0.071149
-0.0468307 -0.372482 -0.0408325
-0.00144338 -0.369756 -0.0117618
0.399823 -0.355338 -0.128177
0.362902 -0.357348 -0.111293
0.323584 -0.359854 -0.0927018
0.28198 -0.363001 -0.0722411
0.239231 -0.366509 -0.0515113
0.195835 -0.369712 -0.0332211
0.150806 -0.372197 -0.020056
0.102882 -0.373728 -0.0129652
0.0525236 -0.373071 -0.0107085
0.000806195 -0.369279 -0.0110155
-0.162975 0.375305 -0.0936737
-0.15754 0.34623 -0.073155
-0.151943 0.313619 -0.0517421
-0.145805 0.275373 -0.0343378
-0.138095 0.233164 -0.0237566
-0.127455 0.189693 -0.0185684
-0.111464 0.145575 -0.0160268
-0.0861409 0.101325 -0.0129103
-0.0479151 0.0585312 -0.00647352
0.00214068 0.0183866 0.00400475
0.17282 0.381097 0.053297
0.158082 0.350714 0.0606321
0.144316 0.317672 0.0664465
0.132012 0.280584 0.069756
0.122552 0.2447 0.0692466
0.113949 0.210328 0.0651962
0.103024 0.176372 0.0578409
0.0849586 0.137323 0.0469117
0.0564475 0.0904199 0.0314652
0.016962 0.0315156 0.0110724
0.0105276 -0.441784 -0.0101367
0.00441602 -0.40449 -0.0112957
0.00165334 -0.361175 -0.0118862
0.00234638 -0.307322 -0.0116094
0.00353673 -0.255349 -0.010496
0.00431492 -0.207779 -0.00901299
0.004598 -0.160559 -0.00712415
0.00478951 -0.108939 -0.00440633
0.00552199 -0.049604 -0.000251732
0.00729396 0.0182789 0.00564254
-0.205562 -0.361882 -0.346973
-0.191932 -0.363606 -0.319245
-0.17652 -0.365653 -0.286289
-0.160013 -0.367941 -0.2485
-0.143231 -0.370379 -0.209317
-0.125712 -0.372676 -0.171784
-0.104934 -0.374101 -0.13603
-0.0779527 -0.373599 -0.100174
-0.0438776 -0.368649 -0.0619327
-0.00380865 -0.357408 -0.0208317
0.351226 -0.360998 -0.202088
0.323609 -0.361957 -0.180313
0.292069 -0.363305 -0.154725
0.258045 -0.365419 -0.126285
0.223177 -0.368392 -0.0978587
0.187225 -0.371635 -0.0723591
0.147821 -0.373597 -0.0514711
0.103142 -0.372666 -0.0361136
0.0536075 -0.367096 -0.0255079
0.000835645 -0.356317 -0.0176893
-0.165984 0.385169 -0.106036
-0.159494 0.356416 -0.0777966
-0.153267 0.32383 -0.0528149
-0.146825 0.285691 -0.0347111
-0.139214 0.243269 -0.0240741
-0.129229 0.199443 -0.0192735
-0.113982 0.154696 -0.0172072
-0.0890626 0.108826 -0.014374
-0.0506692 0.0625215 -0.00793853
0.000491863 0.0153843 0.00243125
0.170359 0.378618 0.0553608
0.153237 0.343511 0.0631453
0.138163 0.306141 0.0681162
0.125965 0.266931 0.0691303
0.116404 0.228409 0.0660086
0.107319 0.191407 0.0595091
0.094857 0.154231 0.0502368
0.0747852 0.114467 0.0383155
0.0452246 0.0700235 0.0233456
0.00809141 0.019862 0.00555945
0.00622389 -0.408427 -0.0117507
0.00258535 -0.380953 -0.0154263
0.000688217 -0.346429 -0.0178417
0.00227928 -0.295472 -0.0164691
0.00392891 -0.245146 -0.0139016
0.00471133 -0.201238 -0.0113714
0.00461272 -0.156849 -0.00872492
0.00412556 -0.106325 -0.00554722
0.00384578 -0.0484517 -0.00147229
0.00405751 0.01506 0.0035248
-0.110392 -0.363234 -0.368678
-0.107056 -0.364133 -0.343423
-0.10331 -0.365271 -0.313341
-0.0989168 -0.366744 -0.276409
-0.0941695 -0.368163 -0.23865
-0.0881777 -0.369041 -0.204514
-0.0784373 -0.368708 -0.169138
-0.0624522 -0.366253 -0.13131
-0.0381821 -0.360623 -0.0848319
-0.00599382 -0.350971 -0.0306134
0.280923 -0.360327 -0.26897
0.263004 -0.360379 -0.24271
0.241703 -0.360654 -0.211101
0.218588 -0.361605 -0.176232
0.195491 -0.363197 -0.142645
0.171926 -0.364865 -0.113779
0.142272 -0.365454 -0.0861595
0.103846 -0.36301 -0.0614519
0.0570734 -0.3569 -0.0407048
0.00479221 -0.348032 -0.0226964
-0.166514 0.39974 -0.109619
-0.159789 0.369188 -0.0779183
-0.153249 0.335667 -0.0516331
-0.14647 0.297656 -0.0337951
-0.138517 0.254832 -0.0234657
-0.128374 0.21009 -0.0192614
-0.113256 0.164297 -0.0178785
-0.0890052 0.116725 -0.0155951
-0.0517585 0.0665201 -0.00972716
-0.00199571 0.0124778 -0.000277849
0.170229 0.383076 0.0543112
0.150616 0.343198 0.0631626
0.133846 0.301374 0.0681505
0.120957 0.258488 0.0677996
0.110949 0.216611 0.0626279
0.10122 0.177135 0.054215
0.0876596 0.138456 0.0435764
0.0662491 0.0983004 0.0308993
0.0367637 0.0562078 0.0165078
0.00210342 0.0123185 0.000911863
0.00357705 -0.410098 -0.00570937
0.00296032 -0.378436 -0.014508
0.00248842 -0.342822 -0.0216409
0.00511236 -0.300281 -0.0210848
0.00687844 -0.256193 -0.0180622
0.00717389 -0.21251 -0.0145309
0.00642934 -0.167641 -0.0111341
0.00493658 -0.115096 -0.00750422
0.00294798 -0.0548467 -0.00360099
0.000591739 0.0107601 0.000465515
-0.00387383 -0.359212 -0.380648
-0.0104568 -0.359453 -0.354771
-0.0183866 -0.359837 -0.322444
-0.0273357 -0.360411 -0.285936
-0.0357882 -0.360708 -0.25089
-0.041174 -0.359786 -0.219936
-0.0416736 -0.356859 -0.184578
-0.033633 -0.352039 -0.14083
-0.0166796 -0.348421 -0.0875666
0.00652744 -0.349012 -0.0267689
0.20072 -0.35421 -0.330311
0.192262 -0.353452 -0.299531
0.1822 -0.352752 -0.262526
0.171731 -0.352539 -0.222267
0.161784 -0.352657 -0.184555
0.15051 -0.352381 -0.152598
0.131851 -0.350912 -0.120087
0.101249 -0.347784 -0.0869833
0.0595809 -0.345714 -0.0549355
0.0113263 -0.34827 -0.0234618
-0.165526 0.420127 -0.111352
-0.1586 0.387911 -0.0776252
-0.151312 0.352045 -0.0496077
-0.143576 0.311696 -0.0310378
-0.135097 0.268572 -0.0212415
-0.124829 0.224883 -0.0177688
-0.110018 0.180081 -0.0172172
-0.0863771 0.130994 -0.0160132
-0.0504526 0.0757359 -0.0113166
-0.003348 0.0137728 -0.00302411
0.171822 0.394583 0.0540636
0.150762 0.35049 0.063471
0.132904 0.304767 0.0685194
0.11939 0.258453 0.0673067
0.108832 0.213893 0.0607417
0.0983186 0.172697 0.0509589
0.0836875 0.132779 0.0391629
0.0616112 0.0926687 0.0259394
0.0326035 0.0524816 0.0119368
-0.000365599 0.0119012 -0.00237901
0.00132629 -0.46212 0.0102388
0.00563573 -0.411714 -0.00616909
0.00922664 -0.362004 -0.0202316
0.0123972 -0.326253 -0.0250966
0.01372 -0.293133 -0.0236862
0.0130678 -0.24982 -0.0193197
0.0113562 -0.195142 -0.0149269
0.00846843 -0.135714 -0.0104882
0.00416944 -0.0684287 -0.00630478
-0.00154798 0.00881862 -0.00237869
