-0.40804 -0.278816 -0.056947
-0.359199 -0.293956 -0.053947
-0.309726 -0.307015 -0.052861
-0.259915 -0.319173 -0.051456
-0.210225 -0.331322 -0.049054
-0.19459 -0.334686 -0.047592
-0.132046 -0.34241 -0.035319
-0.0787376 -0.347511 -0.023651
-0.022149 -0.352853 -0.011204
0.0342412 -0.358128 0.001237
0.388803 -0.295907 0.149998
0.388803 -0.295907 0.149998
0.343072 -0.304062 0.128032
0.296999 -0.312504 0.107352
0.250519 -0.322765 0.088161
0.219141 -0.331345 0.074613
0.185795 -0.340084 0.058784
0.137321 -0.346243 0.040128
0.0863843 -0.352194 0.020859
0.0342412 -0.358128 0.001237
-0.159846 0.370764 -0.059024
-0.151946 0.325113 -0.036877
-0.142901 0.276148 -0.025497
-0.130401 0.225655 -0.021539
-0.118467 0.175907 -0.020018
-0.111639 0.148092 -0.02014
-0.102524 0.112074 -0.019751
-0.0796366 0.0663913 -0.016113
-0.0418776 0.0329193 -0.008425
0 0 0
0.219331 0.405811 -0.001025
0.181554 0.389307 0.029329
0.148923 0.366798 0.062061
0.130166 0.320154 0.072203
0.109253 0.2204 0.063303
0.102451 0.200028 0.057487
0.0953286 0.172054 0.049676
0.0863874 0.122194 0.040007
0.0655681 0.0762723 0.028113
0 0 0
0.0089584 -0.530346 -0.027127
0.0068833 -0.478785 -0.022196
0.025846 -0.408779 -0.006071
0.0342412 -0.358128 0.001237
0.0078277 -0.313199 -0.005421
-0.0016305 -0.262417 -0.00719
-0.0023213 -0.208479 -0.006957
-0.0025601 -0.15426 -0.00673
-0.0025443 -0.103018 -0.00572
0 0 0
-0.386092 -0.36505 -0.192497
-0.386092 -0.36505 -0.192497
-0.339996 -0.373035 -0.172019
-0.293421 -0.375481 -0.151215
-0.248037 -0.38176 -0.128008
-0.204687 -0.387815 -0.101468
-0.165359 -0.386403 -0.074229
-0.119887 -0.37923 -0.052061
-0.0710901 -0.370122 -0.034732
-0.0206691 -0.360699 -0.017333
0.416676 -0.375478 0.015789
0.365505 -0.378444 0.01075
0.314311 -0.382972 0.010696
0.263364 -0.385832 0.015279
0.21234 -0.386488 0.016477
0.179611 -0.385224 0.016737
0.135099 -0.380933 0.014088
0.0816678 -0.374058 0.003572
0.0314889 -0.367528 -0.006596
-0.0206691 -0.360699 -0.017333
-0.161077 0.307294 -0.037171
-0.161077 0.307294 -0.037171
-0.151642 0.257704 -0.029434
-0.144642 0.207121 -0.026927
-0.137266 0.157298 -0.017844
-0.131217 0.131038 -0.015292
-0.119576 0.096518 -0.017689
-0.0845781 0.05873 -0.01618
-0.0424781 0.028596 -0.008474
0 0 0
0.206176 0.362088 -0.010979
0.178065 0.349218 0.030131
0.147155 0.319729 0.058854
0.128912 0.272162 0.063558
0.11083 0.224436 0.059832
0.103626 0.197029 0.05688
0.0985724 0.173256 0.05584
0.0821336 0.127002 0.040758
0.0560597 0.083613 0.026354
0 0 0
0.0008484 -0.558238 -0.016553
-0.0031161 -0.507393 -0.011924
-0.003929 -0.410111 -0.010136
-0.0206691 -0.360699 -0.017333
-0.0051075 -0.311486 -0.012889
-0.005721 -0.260138 -0.013698
-0.0062915 -0.208687 -0.013799
-0.0066645 -0.153876 -0.012567
-0.0072313 -0.102868 -0.010539
0 0 0
-0.330536 -0.25828 -0.24536
-0.330536 -0.25828 -0.24536
-0.289855 -0.264853 -0.214891
-0.25201 -0.267906 -0.179628
-0.219341 -0.268707 -0.140446
-0.182376 -0.272472 -0.104572
-0.141321 -0.276166 -0.07315
-0.098471 -0.281998 -0.044077
-0.052358 -0.292856 -0.020373
-0.005391 -0.291423 -0.003063
0.432231 -0.263192 -0.03187
0.432231 -0.263192 -0.03187
0.381216 -0.268811 -0.02371
0.331402 -0.276134 -0.015058
0.281688 -0.281305 -0.003064
0.232152 -0.284853 0.009889
0.181632 -0.285203 0.022596
0.130962 -0.275436 0.02404
0.0797051 -0.274051 0.017457
0.02968 -0.280327 0.007639
-0.154364 0.438483 -0.037011
-0.143327 0.388903 -0.022685
-0.137857 0.338218 -0.015296
-0.131655 0.287127 -0.010882
-0.113151 0.238866 -0.005632
-0.103295 0.215873 -0.007366
-0.088989 0.178293 -0.00957
-0.077096 0.126649 -0.009799
-0.061651 0.0779344 -0.011108
0 0 0
0.193393 0.459368 0.05358
0.162305 0.42145 0.071141
0.142111 0.374621 0.076406
0.130852 0.32442 0.078613
0.11028 0.223102 0.076259
0.108369 0.200173 0.071771
0.0987203 0.161625 0.057127
0.0896258 0.112435 0.046474
0.0703721 0.0664154 0.034969
0 0 0
0.023027 -0.386279 0.004271
0.023027 -0.386279 0.004271
0.021663 -0.33425 0.005656
0.018134 -0.282134 0.005578
0.013741 -0.231336 0.004305
0.012931 -0.194125 0.003983
0.013818 -0.151594 0.004075
0.014723 -0.100077 0.004222
0.015576 -0.0483202 0.005115
0 0 0
-0.290329 -0.407883 -0.303798
-0.256808 -0.411903 -0.264641
-0.22432 -0.41549 -0.22461
-0.191962 -0.419411 -0.184354
-0.162194 -0.423428 -0.142573
-0.145935 -0.424264 -0.119336
-0.115721 -0.417373 -0.086677
-0.078893 -0.421427 -0.050649
-0.045743 -0.450898 -0.025361
-0.006596 -0.481093 -0.011361
0.401156 -0.408414 -0.1291
0.354001 -0.408644 -0.108964
0.307627 -0.410543 -0.087365
0.261819 -0.413587 -0.064421
0.216241 -0.418698 -0.041602
0.177112 -0.421929 -0.023006
0.138967 -0.426818 -0.012686
0.0904602 -0.443293 -0.010665
0.04192 -0.461987 -0.010812
-0.006596 -0.481093 -0.011361
-0.161493 0.32529 -0.131158
-0.161493 0.32529 -0.131158
-0.157289 0.314202 -0.081243
-0.153887 0.279473 -0.04402
-0.147699 0.229971 -0.032108
-0.135622 0.180256 -0.024293
-0.122759 0.129981 -0.02112
-0.102908 0.081514 -0.019633
-0.072324 0.040207 -0.016808
-0.027389 0.017262 -0.006372
0.155851 0.322276 0.060373
0.155851 0.322276 0.060373
0.155851 0.322276 0.060373
0.137165 0.275366 0.0706408
0.137165 0.275366 0.0706408
0.128781 0.248728 0.0708476
0.128781 0.248728 0.0708476
0.119281 0.215186 0.0688214
0.119281 0.215186 0.0688214
0.111071 0.163882 0.0662917
0.021619 -0.526913 -0.0064
-0.006596 -0.481093 -0.011361
0.010738 -0.386737 -0.018107
0.007515 -0.335258 -0.017969
0.006154 -0.284029 -0.016266
0.004868 -0.232478 -0.014452
0.003762 -0.181013 -0.012361
0.002964 -0.130055 -0.009774
0.002661 -0.0786185 -0.006484
0 0 0
-0.20854 -0.350948 -0.345403
-0.20854 -0.350948 -0.345403
-0.186543 -0.354631 -0.29874
-0.166078 -0.356937 -0.251382
-0.146707 -0.360567 -0.204109
-0.129092 -0.367096 -0.156416
-0.111697 -0.369769 -0.120924
-0.076601 -0.370586 -0.081852
-0.038091 -0.366182 -0.047293
0.001627 -0.353538 -0.017302
0.356217 -0.350728 -0.195734
0.356217 -0.350728 -0.195734
0.314822 -0.35149 -0.165892
0.275049 -0.352987 -0.133616
0.236723 -0.357111 -0.100029
0.197898 -0.365573 -0.067564
0.156155 -0.3669 -0.044946
0.105707 -0.363115 -0.033697
0.055286 -0.358575 -0.025392
0.001627 -0.353538 -0.017302
-0.171991 0.387273 -0.115411
-0.159045 0.368092 -0.069329
-0.150437 0.329934 -0.036357
-0.142395 0.281136 -0.0231
-0.131768 0.231335 -0.017111
-0.124608 0.1991 -0.016343
-0.115748 0.165383 -0.017313
-0.098486 0.117347 -0.018789
-0.07393 0.0722104 -0.016025
0 0 0
0.183324 0.386099 0.045909
0.151752 0.352407 0.0683383
0.131977 0.305276 0.0740076
0.117625 0.256127 0.0728658
0.106383 0.206785 0.0650242
0.098912 0.166781 0.0543993
0.088343 0.118607 0.0404216
0.067108 0.0738734 0.0274184
0.034639 0.0365394 0.013833
0 0 0
0.001627 -0.353538 -0.017302
0.001627 -0.353538 -0.017302
0.009192 -0.302179 -0.016511
0.007027 -0.249666 -0.013491
0.005002 -0.197012 -0.010505
0.005002 -0.197012 -0.010505
0.003718 -0.157063 -0.00839
0.002141 -0.103809 -0.00564
0.000796 -0.0514606 -0.003013
0 0 0
-0.117114 -0.369563 -0.362406
-0.117114 -0.369563 -0.362406
-0.117114 -0.369563 -0.362406
-0.108781 -0.371997 -0.311523
-0.102507 -0.372737 -0.259514
-0.102507 -0.372737 -0.259514
-0.097572 -0.373044 -0.210989
-0.097572 -0.373044 -0.210989
-0.094963 -0.376361 -0.159306
-0.087858 -0.376997 -0.107225
0.271405 -0.367355 -0.264119
0.271405 -0.367355 -0.264119
0.241393 -0.366023 -0.222157
0.212917 -0.366715 -0.179396
0.185807 -0.367222 -0.13487
0.185807 -0.367222 -0.13487
0.158861 -0.372787 -0.091844
0.118833 -0.369768 -0.059516
0.068623 -0.357369 -0.041034
0.022789 -0.33962 -0.026402
-0.167684 0.383808 -0.113122
-0.160467 0.358642 -0.067822
-0.155821 0.327292 -0.042874
-0.151663 0.300488 -0.036361
-0.140211 0.246592 -0.022954
-0.129598 0.196232 -0.021663
-0.116418 0.146875 -0.023068
-0.100811 0.0982076 -0.022937
-0.080344 0.0615536 -0.017926
0 0 0
0.174307 0.368842 0.0397739
0.142221 0.336851 0.0634961
0.122685 0.289956 0.0688103
0.10931 0.240366 0.0664868
0.099297 0.190902 0.056979
0.092942 0.154103 0.0472426
0.087335 0.122125 0.0387253
0.063607 0.0787436 0.0258831
0.032884 0.0398906 0.0132022
0 0 0
0.005115 -0.307392 -0.019929
0.005115 -0.307392 -0.019929
0.003128 -0.256383 -0.015946
0.003128 -0.256383 -0.015946
0.00142 -0.205017 -0.012299
-2.8e-005 -0.153255 -0.008961
-2.8e-005 -0.153255 -0.008961
-0.001038 -0.102083 -0.006018
-0.001568 -0.0510107 -0.003358
0 0 0
0.009815 -0.351742 -0.353692
0.009815 -0.351742 -0.353692
0.000899 -0.351514 -0.303277
-0.010091 -0.352049 -0.253373
-0.023836 -0.353462 -0.203967
-0.023836 -0.353462 -0.203967
-0.033414 -0.353504 -0.164799
-0.020471 -0.341954 -0.115831
-0.00105 -0.327957 -0.069567
0.01987 -0.31341 -0.024793
0.183224 -0.346466 -0.309867
0.183224 -0.346466 -0.309867
0.168483 -0.344011 -0.261044
0.155486 -0.343814 -0.211434
0.144678 -0.344795 -0.161374
0.144678 -0.344795 -0.161374
0.135689 -0.348044 -0.122369
0.103688 -0.341451 -0.082999
0.062413 -0.327888 -0.053357
0.01987 -0.31341 -0.024793
-0.162611 0.421221 -0.120099
-0.15701 0.402139 -0.073084
-0.148128 0.363675 -0.039566
-0.138404 0.315706 -0.024827
-0.127753 0.266186 -0.017004
-0.117882 0.225627 -0.01529
-0.108058 0.191578 -0.01676
-0.09178 0.142898 -0.020328
-0.067148 0.097743 -0.018427
0.007486 0.0299885 0.000242
0.180712 0.401501 0.0465034
0.150641 0.366803 0.068805
0.132714 0.319159 0.0746239
0.121309 0.269124 0.070968
0.11115 0.219603 0.0610388
0.104604 0.188134 0.0526626
0.096025 0.150519 0.0425324
0.072152 0.107015 0.0291196
0.040794 0.068466 0.014904
0.007486 0.0299885 0.000242
0.000461 -0.536197 0.0292306
0.01099 -0.488518 0.013557
0.015302 -0.45262 0.006808
0.021424 -0.353815 -0.025019
0.021424 -0.353815 -0.025019
0.015957 -0.30298 -0.015774
0.015609 -0.19982 -0.017565
0.012852 -0.154821 -0.011373
0.01008 -0.102936 -0.006616
0 0 0
