-0.40305 -0.312129 -0.117408
-0.356349 -0.324598 -0.102903
-0.307313 -0.33566 -0.0906323
-0.258251 -0.345923 -0.0798694
-0.210065 -0.356249 -0.067906
-0.191927 -0.359459 -0.056325
-0.134558 -0.363176 -0.0397076
-0.0821992 -0.369273 -0.0212642
-0.0294965 -0.383314 -0.00769454
0.0271517 -0.396606 0.00258128
0.411208 -0.325768 0.0930831
0.398443 -0.325452 0.0996887
0.349189 -0.332462 0.0865245
0.300123 -0.339777 0.0747736
0.250796 -0.349143 0.0641667
0.212654 -0.357077 0.0620672
0.174919 -0.364703 0.0502573
0.124652 -0.374844 0.0333275
0.0736118 -0.386977 0.0163609
0.0215647 -0.396661 -0.000672106
-0.00860618 0.00377091 -0.00202819
-0.0375535 0.0287576 -0.00766601
-0.077312 0.0586696 -0.0160276
-0.1027 0.103256 -0.0194619
-0.114407 0.14061 -0.0204636
-0.122885 0.174567 -0.0213836
-0.134996 0.225471 -0.0250242
-0.14573 0.275815 -0.0308033
-0.153354 0.321622 -0.0504889
-0.159215 0.354102 -0.0777515
0.0340992 0.0527255 0.0203516
0.0601078 0.0757437 0.0309184
0.0801087 0.103504 0.0400657
0.0966202 0.151296 0.0489539
0.1083 0.207708 0.0616223
0.116029 0.232101 0.066248
0.123521 0.265912 0.0711149
0.133129 0.308778 0.0718161
0.146585 0.342105 0.0644729
0.201608 0.378614 0.0159104
0.0130494 -0.53757 -0.0203136
0.00178119 -0.490067 -0.0183483
0.0221038 -0.410438 -0.00907196
0.0273714 -0.357419 -0.00390366
0.00760739 -0.310897 -0.00853143
0.000202732 -0.25907 -0.00941686
-0.000612524 -0.203709 -0.0086487
-0.000959188 -0.149471 -0.00777462
-0.000945082 -0.0980074 -0.00608837
-7.5728e-007 -6.03286e-005 -5.76752e-006
-0.302508 -0.350938 -0.239959
-0.274151 -0.35725 -0.223794
-0.240312 -0.36365 -0.198396
-0.205921 -0.369759 -0.167986
-0.173045 -0.376021 -0.136628
-0.157353 -0.379004 -0.115391
-0.121043 -0.379437 -0.0873067
-0.0818938 -0.383265 -0.0618928
-0.0427637 -0.396167 -0.0367148
0.00158402 -0.406765 -0.0172378
0.381478 -0.356657 -0.0631074
0.365099 -0.356485 -0.0555181
0.320044 -0.359989 -0.0446996
0.275915 -0.364267 -0.0323581
0.232248 -0.370483 -0.019151
0.197669 -0.376502 -0.00822244
0.160056 -0.381855 -0.00122852
0.111271 -0.389228 -0.00207136
0.0610443 -0.397161 -0.00559399
0.0102766 -0.401984 -0.00966245
-0.0106675 0.00511494 -0.00252049
-0.0354682 0.0276495 -0.00761395
-0.0756101 0.0571854 -0.0164156
-0.101655 0.100229 -0.0197257
-0.118436 0.149118 -0.0200876
-0.128353 0.188956 -0.0212077
-0.138516 0.230836 -0.0244192
-0.147713 0.280487 -0.0330859
-0.154158 0.3224 -0.0546878
-0.162976 0.356189 -0.102788
0.0423482 0.0649686 0.0251985
0.0648747 0.0857044 0.0344754
0.0834664 0.109935 0.0425285
0.0996195 0.157434 0.0510968
0.107462 0.195144 0.0603779
0.115431 0.22655 0.0661822
0.122094 0.256757 0.0709311
0.132797 0.297513 0.0716764
0.145029 0.327414 0.0667673
0.182668 0.362917 0.0361477
0.0123138 -0.468991 -0.0159501
-0.000141305 -0.439572 -0.0165364
0.0143848 -0.36486 -0.0137001
0.0153552 -0.317855 -0.010832
0.00602615 -0.268388 -0.0113306
0.00239592 -0.227708 -0.0108869
0.00149271 -0.182539 -0.00957447
0.000698258 -0.129695 -0.00764215
0.000283359 -0.0780438 -0.0052358
-6.70234e-007 -3.77153e-005 -3.97131e-006
-0.205424 -0.366671 -0.320626
-0.193923 -0.368673 -0.310773
-0.174985 -0.371796 -0.279997
-0.154715 -0.375073 -0.236416
-0.136228 -0.37851 -0.192297
-0.124515 -0.381393 -0.168399
-0.105835 -0.381308 -0.131862
-0.0791886 -0.382196 -0.104183
-0.0512461 -0.38799 -0.0682443
-0.0180734 -0.390042 -0.0377519
0.335192 -0.367069 -0.180089
0.325386 -0.366997 -0.175833
0.286698 -0.367835 -0.14715
0.249532 -0.369869 -0.116929
0.213529 -0.373546 -0.0858228
0.187181 -0.3781 -0.0698431
0.152704 -0.381956 -0.0468081
0.106678 -0.383804 -0.0327545
0.0573027 -0.383634 -0.024448
0.00781134 -0.379476 -0.0172963
-0.00677531 0.00273485 -0.00162832
-0.0364139 0.0297779 -0.00809346
-0.0754938 0.0610804 -0.0168531
-0.100478 0.103287 -0.0201899
-0.120551 0.162794 -0.019487
-0.130772 0.204311 -0.0200891
-0.138849 0.236314 -0.0213882
-0.147733 0.285394 -0.03171
-0.154176 0.325894 -0.049578
-0.166637 0.368884 -0.114521
0.0264724 0.0416198 0.0156621
0.0531531 0.0681614 0.0267801
0.0767551 0.0975288 0.0367087
0.0955281 0.14344 0.0470571
0.102569 0.177181 0.0562497
0.11014 0.212933 0.0640886
0.118229 0.250248 0.070523
0.130378 0.294098 0.0718325
0.1454 0.330752 0.0673082
0.175332 0.36332 0.0446798
0.0092845 -0.392691 -0.0162524
0.0013761 -0.382093 -0.0174086
0.00922302 -0.318209 -0.0162549
0.00805271 -0.278773 -0.0142177
0.00463869 -0.227462 -0.0119601
0.00331952 -0.198661 -0.0108149
0.00240848 -0.164676 -0.00933049
0.00124606 -0.113285 -0.00678877
0.000405407 -0.0614595 -0.00412044
-9.45726e-007 -1.76407e-005 -2.37247e-006
-0.106825 -0.375699 -0.361753
-0.10561 -0.375499 -0.358215
-0.101926 -0.376165 -0.32743
-0.0960782 -0.377741 -0.276804
-0.0923548 -0.379271 -0.226007
-0.0871865 -0.380819 -0.211999
-0.0835685 -0.380681 -0.169907
-0.0696132 -0.377455 -0.141999
-0.0525329 -0.375711 -0.0968755
-0.0305638 -0.370884 -0.0557553
0.268381 -0.372527 -0.264207
0.26557 -0.37256 -0.263435
0.236374 -0.371333 -0.221609
0.209025 -0.371862 -0.178587
0.183401 -0.373452 -0.134757
0.171441 -0.37551 -0.124364
0.145746 -0.379106 -0.0885208
0.105252 -0.376215 -0.0599562
0.0579367 -0.367978 -0.0407239
0.0113647 -0.354957 -0.02336
-0.00258069 0.000188087 -0.000665763
-0.0378636 0.0315506 -0.00877646
-0.0762397 0.063986 -0.0176502
-0.099909 0.105554 -0.0209896
-0.121827 0.173523 -0.0191546
-0.132136 0.215573 -0.0192203
-0.13917 0.241443 -0.0188274
-0.148096 0.290056 -0.0305857
-0.155001 0.329443 -0.0444528
-0.168484 0.380482 -0.118828
0.00940387 0.0165092 0.00543233
0.0406248 0.0494539 0.0187306
0.069035 0.084866 0.0307864
0.0908617 0.129155 0.0429346
0.0977641 0.162306 0.0521965
0.104706 0.198543 0.061176
0.114127 0.2435 0.0696074
0.126786 0.291007 0.0718807
0.144423 0.334942 0.0670023
0.172056 0.36529 0.0465175
0.00858765 -0.338648 -0.0191552
0.00521577 -0.34012 -0.0201061
0.00660798 -0.284661 -0.0177157
0.00473438 -0.252674 -0.0154692
0.00374544 -0.200557 -0.0116652
0.00341606 -0.177541 -0.0101281
0.00251461 -0.152359 -0.00867744
0.00114462 -0.103891 -0.00597278
-3.83841e-005 -0.0519807 -0.00333922
-1.60681e-006 -1.65085e-006 -1.11194e-006
-0.0039036 -0.383501 -0.382873
-0.00927165 -0.382081 -0.384454
-0.0197447 -0.380932 -0.345672
-0.0293217 -0.381075 -0.291155
-0.0414394 -0.381431 -0.237082
-0.0422991 -0.381561 -0.234488
-0.0529316 -0.381452 -0.19043
-0.0469145 -0.372402 -0.153707
-0.0353967 -0.361163 -0.102541
-0.0200318 -0.348382 -0.0543402
0.190665 -0.377305 -0.332222
0.193563 -0.377451 -0.334382
0.175811 -0.374495 -0.281864
0.160115 -0.373833 -0.228525
0.146716 -0.373939 -0.174738
0.148113 -0.373693 -0.171741
0.134448 -0.376974 -0.127134
0.100706 -0.369778 -0.0855653
0.0570687 -0.354771 -0.0556037
0.0139296 -0.335223 -0.0276059
0.000905728 -0.00190444 0.000132954
-0.0384842 0.0337267 -0.00953631
-0.0760097 0.0672436 -0.0185347
-0.0993208 0.109938 -0.0212859
-0.120001 0.174941 -0.0180831
-0.130174 0.214059 -0.0171903
-0.137755 0.242359 -0.0166794
-0.147402 0.291008 -0.0276193
-0.155847 0.333552 -0.0397152
-0.169957 0.390971 -0.121667
-0.00477409 -0.00433953 -0.0030627
0.030304 0.0336675 0.0123671
0.0626884 0.0741832 0.0265091
0.0871405 0.117176 0.0402314
0.0946669 0.15181 0.0498953
0.101074 0.186407 0.059305
0.111575 0.237717 0.0695212
0.124029 0.288441 0.0729348
0.143437 0.338557 0.0674772
0.170294 0.367843 0.0474102
0.0100183 -0.307551 -0.0231718
0.0103217 -0.316967 -0.0237501
0.00647744 -0.267401 -0.0192399
0.00396244 -0.231826 -0.015491
0.00390428 -0.179079 -0.0106857
0.00429261 -0.168802 -0.00953869
0.00309684 -0.142525 -0.0077229
0.00147471 -0.0986235 -0.00515883
-0.000236365 -0.0463891 -0.00271926
-2.43559e-006 1.17575e-005 -6.9756e-008
