-0.40804 -0.278816 -0.056947
-0.359199 -0.293956 -0.053947
-0.309726 -0.307015 -0.052861
-0.259915 -0.319173 -0.051456
-0.210225 -0.331322 -0.049054
-0.19459 -0.334686 -0.047592
-0.132046 -0.34241 -0.035319
-0.0787376 -0.347511 -0.023651
-0.022149 -0.352853 -0.011204
0.0342412 -0.358128 0.001237
0.388803 -0.295907 0.149998
0.388803 -0.295907 0.149998
0.343072 -0.304062 0.128032
0.296999 -0.312504 0.107352
0.250519 -0.322765 0.088161
0.219141 -0.331345 0.074613
0.185795 -0.340084 0.058784
0.137321 -0.346243 0.040128
0.0863843 -0.352194 0.020859
0.0342412 -0.358128 0.001237
0 0 0
-0.0418776 0.0329193 -0.008425
-0.0796366 0.0663913 -0.016113
-0.102524 0.112074 -0.019751
-0.111639 0.148092 -0.02014
-0.118467 0.175907 -0.020018
-0.130401 0.225655 -0.021539
-0.142901 0.276148 -0.025497
-0.151946 0.325113 -0.036877
-0.159846 0.370764 -0.059024
0 0 0
0.0360869 0.0365013 0.014558
0.0655681 0.0762723 0.028113
0.0863874 0.122194 0.040007
0.102451 0.200028 0.057487
0.109253 0.2204 0.063303
0.12 0.269705 0.070792
0.130166 0.320154 0.072203
0.148923 0.366798 0.062061
0.219331 0.405811 -0.001025
0.0089584 -0.530346 -0.027127
0.0068833 -0.478785 -0.022196
0.025846 -0.408779 -0.006071
0.0342412 -0.358128 0.001237
0.0078277 -0.313199 -0.005421
-0.0016305 -0.262417 -0.00719
-0.0023213 -0.208479 -0.006957
-0.0025601 -0.15426 -0.00673
-0.0025443 -0.103018 -0.00572
0 0 0
-0.290329 -0.407883 -0.303798
-0.256808 -0.411903 -0.264641
-0.22432 -0.41549 -0.22461
-0.191962 -0.419411 -0.184354
-0.162194 -0.423428 -0.142573
-0.145935 -0.424264 -0.119336
-0.115721 -0.417373 -0.086677
-0.078893 -0.421427 -0.050649
-0.045743 -0.450898 -0.025361
-0.006596 -0.481093 -0.011361
0.401156 -0.408414 -0.1291
0.354001 -0.408644 -0.108964
0.307627 -0.410543 -0.087365
0.261819 -0.413587 -0.064421
0.216241 -0.418698 -0.041602
0.177112 -0.421929 -0.023006
0.138967 -0.426818 -0.012686
0.0904602 -0.443293 -0.010665
0.04192 -0.461987 -0.010812
-0.006596 -0.481093 -0.011361
-0.027389 0.017262 -0.006372
-0.027389 0.017262 -0.006372
-0.072324 0.040207 -0.016808
-0.102908 0.081514 -0.019633
-0.122759 0.129981 -0.02112
-0.135622 0.180256 -0.024293
-0.147699 0.229971 -0.032108
-0.153887 0.279473 -0.04402
-0.157289 0.314202 -0.081243
-0.161493 0.32529 -0.131158
0.111071 0.163882 0.0662917
0.111071 0.163882 0.0662917
0.111071 0.163882 0.0662917
0.119281 0.215186 0.0688214
0.119281 0.215186 0.0688214
0.128781 0.248728 0.0708476
0.128781 0.248728 0.0708476
0.137165 0.275366 0.0706408
0.137165 0.275366 0.0706408
0.155851 0.322276 0.060373
0.021619 -0.526913 -0.0064
-0.006596 -0.481093 -0.011361
0.010738 -0.386737 -0.018107
0.007515 -0.335258 -0.017969
0.006154 -0.284029 -0.016266
0.004868 -0.232478 -0.014452
0.003762 -0.181013 -0.012361
0.002964 -0.130055 -0.009774
0.002661 -0.0786185 -0.006484
0 0 0
-0.20854 -0.350948 -0.345403
-0.20854 -0.350948 -0.345403
-0.186543 -0.354631 -0.29874
-0.166078 -0.356937 -0.251382
-0.146707 -0.360567 -0.204109
-0.129092 -0.367096 -0.156416
-0.111697 -0.369769 -0.120924
-0.076601 -0.370586 -0.081852
-0.038091 -0.366182 -0.047293
0.001627 -0.353538 -0.017302
0.356217 -0.350728 -0.195734
0.356217 -0.350728 -0.195734
0.314822 -0.35149 -0.165892
0.275049 -0.352987 -0.133616
0.236723 -0.357111 -0.100029
0.197898 -0.365573 -0.067564
0.156155 -0.3669 -0.044946
0.105707 -0.363115 -0.033697
0.055286 -0.358575 -0.025392
0.001627 -0.353538 -0.017302
0 0 0
-0.038112 0.0355734 -0.008401
-0.07393 0.0722104 -0.016025
-0.098486 0.117347 -0.018789
-0.115748 0.165383 -0.017313
-0.124608 0.1991 -0.016343
-0.131768 0.231335 -0.017111
-0.142395 0.281136 -0.0231
-0.150437 0.329934 -0.036357
-0.171991 0.387273 -0.115411
0 0 0
0.034639 0.0365394 0.013833
0.067108 0.0738734 0.0274184
0.088343 0.118607 0.0404216
0.098912 0.166781 0.0543993
0.106383 0.206785 0.0650242
0.117625 0.256127 0.0728658
0.131977 0.305276 0.0740076
0.151752 0.352407 0.0683383
0.183324 0.386099 0.045909
0.001627 -0.353538 -0.017302
0.001627 -0.353538 -0.017302
0.009192 -0.302179 -0.016511
0.007027 -0.249666 -0.013491
0.005002 -0.197012 -0.010505
0.005002 -0.197012 -0.010505
0.003718 -0.157063 -0.00839
0.002141 -0.103809 -0.00564
0.000796 -0.0514606 -0.003013
0 0 0
-0.117114 -0.369563 -0.362406
-0.117114 -0.369563 -0.362406
-0.117114 -0.369563 -0.362406
-0.108781 -0.371997 -0.311523
-0.102507 -0.372737 -0.259514
-0.102507 -0.372737 -0.259514
-0.097572 -0.373044 -0.210989
-0.097572 -0.373044 -0.210989
-0.094963 -0.376361 -0.159306
-0.087858 -0.376997 -0.107225
0.271405 -0.367355 -0.264119
0.271405 -0.367355 -0.264119
0.241393 -0.366023 -0.222157
0.212917 -0.366715 -0.179396
0.185807 -0.367222 -0.13487
0.185807 -0.367222 -0.13487
0.158861 -0.372787 -0.091844
0.118833 -0.369768 -0.059516
0.068623 -0.357369 -0.041034
0.022789 -0.33962 -0.026402
0 0 0
-0.040986 0.0294366 -0.008881
-0.080344 0.0615536 -0.017926
-0.100811 0.0982076 -0.022937
-0.129598 0.196232 -0.021663
-0.140211 0.246592 -0.022954
-0.144151 0.253004 -0.018283
-0.151663 0.300488 -0.036361
-0.155821 0.327292 -0.042874
-0.167684 0.383808 -0.113122
0 0 0
0.032884 0.0398906 0.0132022
0.063607 0.0787436 0.0258831
0.087335 0.122125 0.0387253
0.092942 0.154103 0.0472426
0.099297 0.190902 0.056979
0.10931 0.240366 0.0664868
0.122685 0.289956 0.0688103
0.142221 0.336851 0.0634961
0.174307 0.368842 0.0397739
0.005115 -0.307392 -0.019929
0.005115 -0.307392 -0.019929
0.003128 -0.256383 -0.015946
0.003128 -0.256383 -0.015946
0.00142 -0.205017 -0.012299
-2.8e-005 -0.153255 -0.008961
-2.8e-005 -0.153255 -0.008961
-0.001038 -0.102083 -0.006018
-0.001568 -0.0510107 -0.003358
0 0 0
0.002329 -0.38173 -0.353934
0.002329 -0.38173 -0.353934
-0.006587 -0.381503 -0.303519
-0.017577 -0.382037 -0.253615
-0.031322 -0.38345 -0.204209
-0.031322 -0.38345 -0.204209
-0.0409 -0.383493 -0.165041
-0.027957 -0.371943 -0.116073
-0.008536 -0.357945 -0.069809
0.012384 -0.343399 -0.025035
0.175738 -0.376454 -0.310109
0.175738 -0.376454 -0.310109
0.160997 -0.373999 -0.261286
0.148 -0.373802 -0.211676
0.137192 -0.374783 -0.161616
0.137192 -0.374783 -0.161616
0.128203 -0.378032 -0.122611
0.096202 -0.371439 -0.083241
0.054927 -0.357876 -0.053599
0.012384 -0.343399 -0.025035
0 0 0
-0.037309 0.0339175 -0.009692
-0.074634 0.0677545 -0.018669
-0.099266 0.11291 -0.02057
-0.115544 0.16159 -0.017002
-0.125368 0.195638 -0.015532
-0.135239 0.236198 -0.017246
-0.14589 0.285718 -0.025069
-0.155614 0.333687 -0.039808
-0.170097 0.391232 -0.120341
0 0 0
0.033308 0.0384775 0.014662
0.064666 0.0770265 0.0288776
0.088539 0.120531 0.0422904
0.097118 0.158145 0.0524206
0.103664 0.189615 0.0607968
0.113823 0.239136 0.070726
0.125228 0.289171 0.0743819
0.143155 0.336815 0.068563
0.173226 0.371513 0.0462614
0.012384 -0.343399 -0.025035
0.012384 -0.343399 -0.025035
0.010058 -0.29077 -0.019321
0.007634 -0.239532 -0.013725
0.005423 -0.186752 -0.009685
0.005423 -0.186752 -0.009685
0.003783 -0.146123 -0.007289
0.0021 -0.104587 -0.00516
0.000113 -0.0519729 -0.002953
0 0 0
