-0.385191	-0.476942	-0.224629	
-0.371005	-0.428831	-0.210952	
-0.369353	-0.401641	-0.206082	
-0.373433	-0.353561	-0.189203	
-0.374701	-0.301589	-0.183674	
-0.374701	-0.301589	-0.183674	
-0.377297	-0.250289	-0.198553	
-0.375476	-0.206353	-0.208633	
-0.377517	-0.155954	-0.198162
-0.303086	0.191901	-0.201831	
-0.301364	0.148433	-0.173994	
-0.323115	0.101182	-0.182614	
-0.345437	0.0552231	-0.20105	
-0.357425	0.0253416	-0.208524	
-0.366138	-0.00172722	-0.211385	
-0.374781	-0.0532466	-0.207494	
-0.375841	-0.104311	-0.203577	
-0.377517	-0.155954	-0.198162